time	cpu_times.user	cpu_times.system	cpu_times.idle	cpu_percent(%)	cpu_percent_per_cpu	mem_virtual.total(Mbyte)	mem_virtual.available(Mbyte)	mem_virtual.used(Mbyte)	mem_virtual.free(Mbyte)	mem_virtual.percent(%)	mem_swap.total(Mbyte)	mem_swap.used(Mbyte)	mem_swap.free(Mbyte)	mem_swap.percent(%)	disk_io.read_count	disk_io.write_count	disk_io.read(Mbyte)	disk_io.write(Mbyte)	net_io.sent(Mbyte)	net_io.recv(Mbyte)	net_io.packets_sent	net_io_counters.packets_recv	net_port_counter(80 443 8080)
20190502	8667.24	1798.04	709397.53	5.2	[4.3, 1.6, 3.9, 1.6, 4.3, 1.7, 4.8, 1.8, 4.6, 1.9, 4.4, 1.7, 4.4, 1.8, 4.3, 1.5]	16056	10100	5965	7260	37.1	16335	0	16335	0.0	172029	590638	3490	8235	636	2166	1535706	2454353	0
20190502	8670.98	1799.21	709489.31	6.3	[11.7, 4.3, 7.5, 4.8, 7.9, 5.1, 9.8, 3.0, 6.7, 2.0, 6.3, 1.2, 4.5, 3.3, 5.4, 0.8]	16056	10128	5936	7285	36.9	16335	0	16335	0.0	172029	590976	3490	8238	636	2167	1535877	2454526	0
20190502	8676.03	1800.35	709579.82	6.5	[8.4, 4.4, 7.6, 6.2, 9.8, 3.6, 8.1, 3.6, 9.1, 2.6, 9.7, 5.8, 9.9, 4.8, 8.0, 2.2]	16056	10119	5943	7274	37.0	16335	0	16335	0.0	172029	591100	3490	8243	636	2169	1536252	2456406	0
20190502	8680.75	1801.66	709670.41	6.1	[8.9, 2.8, 5.8, 5.2, 6.6, 5.0, 5.6, 6.2, 9.4, 3.8, 9.1, 3.3, 8.1, 2.8, 14.3, 1.5]	16056	10121	5941	7276	37.0	16335	0	16335	0.0	172029	591255	3490	8244	637	2169	1536416	2456571	0
20190502	8685.38	1802.96	709761.01	5.8	[10.9, 3.2, 9.5, 4.7, 9.9, 4.3, 8.3, 5.5, 9.1, 1.5, 5.4, 3.6, 8.7, 3.3, 8.8, 2.2]	16056	10119	5946	7274	37.0	16335	0	16335	0.0	172029	591285	3490	8244	637	2169	1536597	2456752	0
20190502	8689.72	1804.54	709851.8	5.4	[10.7, 3.5, 8.8, 4.7, 11.7, 2.0, 8.9, 3.3, 7.3, 3.2, 6.1, 3.0, 8.1, 3.0, 10.9, 2.3]	16056	10177	5866	7353	36.6	16335	0	16335	0.0	172029	591432	3490	8245	637	2169	1536679	2456833	0
20190502	8693.02	1806.21	709943.35	4.9	[6.2, 2.0, 4.3, 3.9, 4.9, 1.2, 5.6, 3.0, 10.0, 2.0, 8.7, 4.8, 8.1, 5.0, 10.1, 3.0]	16056	10176	5868	7349	36.6	16335	0	16335	0.0	172029	591494	3490	8250	637	2172	1537138	2458762	0
20190502	8695.84	1807.34	710036.01	3.6	[6.1, 2.5, 5.3, 4.0, 6.5, 1.5, 5.6, 2.1, 4.7, 1.2, 7.1, 0.5, 5.5, 2.8, 6.3, 1.3]	16056	10184	5860	7358	36.6	16335	0	16335	0.0	172029	591516	3490	8250	637	2172	1537215	2458839	0
20190502	8698.94	1808.52	710128.61	4.8	[8.5, 5.2, 7.7, 5.5, 6.5, 1.8, 6.9, 1.5, 6.0, 2.8, 5.0, 2.5, 4.6, 2.1, 6.8, 0.7]	16056	10182	5862	7355	36.6	16335	0	16335	0.0	172029	591605	3490	8250	637	2172	1537389	2459009	0
20190502	8703.59	1810.32	710219.23	4.2	[10.2, 4.1, 11.6, 4.0, 9.4, 4.1, 9.2, 4.1, 9.2, 1.7, 7.3, 4.3, 9.7, 5.3, 8.4, 3.0]	16056	10175	5864	7348	36.6	16335	0	16335	0.0	172029	591634	3490	8251	637	2172	1537562	2459182	0
20190502	8706.55	1811.4	710311.83	5.8	[6.7, 2.0, 4.2, 2.2, 5.4, 1.3, 7.4, 2.5, 6.0, 2.0, 6.0, 2.7, 6.3, 3.3, 9.4, 3.3]	16056	10185	5860	7358	36.6	16335	0	16335	0.0	172029	591643	3490	8251	637	2172	1537657	2459276	0
20190502	8710.72	1813.05	710402.91	3.4	[8.5, 1.8, 5.9, 2.8, 7.2, 1.3, 5.2, 1.2, 8.7, 3.5, 9.7, 2.8, 10.1, 3.7, 17.4, 2.3]	16056	10175	5869	7346	36.6	16335	0	16335	0.0	172029	591794	3490	8257	637	2175	1538118	2461229	0
20190502	8713.3	1813.97	710496.1	5.7	[5.3, 4.0, 4.1, 2.5, 7.1, 3.0, 4.8, 1.8, 7.2, 0.8, 5.7, 0.7, 4.6, 2.3, 8.9, 1.3]	16056	10182	5860	7353	36.6	16335	0	16335	0.0	172029	591823	3490	8257	637	2175	1538237	2461349	0
20190502	8716.36	1814.78	710588.66	2.9	[5.2, 2.5, 7.2, 2.3, 9.4, 4.5, 6.7, 2.5, 4.3, 0.8, 2.7, 0.8, 3.3, 2.9, 1.5, 0.5]	16056	10176	5870	7346	36.6	16335	0	16335	0.0	172029	591904	3490	8258	637	2175	1538364	2461475	0
20190502	8718.84	1815.73	710681.73	3.4	[5.6, 2.1, 6.0, 4.0, 6.0, 1.8, 8.0, 3.1, 3.3, 0.8, 4.6, 0.5, 3.8, 2.5, 6.1, 0.8]	16056	10189	5856	7360	36.5	16335	0	16335	0.0	172029	591934	3490	8258	637	2175	1538556	2461665	0
20190502	8721.56	1816.79	710774.61	4.8	[7.4, 2.6, 7.1, 2.3, 7.0, 3.3, 8.6, 1.8, 4.8, 3.1, 4.8, 0.8, 3.7, 1.7, 4.5, 2.3]	16056	10179	5864	7347	36.6	16335	0	16335	0.0	172029	591954	3490	8258	637	2177	1538962	2463571	0
20190502	8724.43	1817.61	710867.3	3.5	[5.0, 0.8, 3.0, 2.3, 3.5, 1.3, 2.5, 0.7, 9.3, 1.8, 6.7, 3.1, 6.6, 1.2, 9.6, 0.8]	16056	10186	5855	7354	36.6	16335	0	16335	0.0	172029	592155	3490	8264	637	2177	1539122	2463733	0
20190502	8727.08	1818.48	710960.28	3.8	[6.0, 0.8, 5.5, 4.8, 4.6, 1.0, 4.7, 1.8, 6.0, 1.2, 6.9, 1.0, 6.0, 0.3, 6.8, 1.7]	16056	10191	5854	7359	36.5	16335	0	16335	0.0	172029	592165	3490	8264	637	2178	1539238	2463852	0
20190502	8729.9	1819.53	711052.94	3.3	[6.7, 4.5, 7.7, 6.6, 8.9, 3.5, 8.5, 4.5, 2.0, 0.3, 2.8, 0.2, 2.5, 0.5, 4.1, 0.0]	16056	10182	5863	7350	36.6	16335	0	16335	0.0	172029	592234	3490	8265	638	2178	1539350	2463966	0
20190502	8732.41	1820.62	711146.15	3.9	[7.6, 2.0, 6.6, 5.5, 7.7, 2.1, 6.1, 3.1, 4.8, 1.3, 4.3, 1.3, 4.1, 0.3, 3.5, 1.2]	16056	10180	5865	7346	36.6	16335	0	16335	0.0	172029	592265	3490	8265	638	2180	1539809	2465914	0
20190502	8735.47	1821.72	711238.29	4.4	[6.3, 2.8, 4.8, 4.4, 5.7, 3.3, 6.2, 3.0, 5.6, 1.2, 6.3, 3.8, 6.5, 3.8, 5.9, 1.3]	16056	10191	5854	7356	36.5	16335	0	16335	0.0	172029	592420	3490	8271	638	2180	1539890	2465996	0
20190502	8737.93	1822.57	711331.27	3.2	[4.0, 1.5, 2.7, 1.7, 2.9, 2.0, 2.8, 1.3, 6.1, 1.7, 6.8, 0.8, 5.8, 2.6, 5.8, 3.7]	16056	10191	5855	7356	36.5	16335	0	16335	0.0	172029	592429	3490	8271	638	2180	1540069	2466183	0
20190502	8740.03	1823.34	711424.73	3.6	[3.8, 0.8, 5.0, 2.0, 3.0, 1.5, 4.2, 0.5, 8.4, 0.8, 5.2, 1.2, 5.6, 1.3, 4.8, 1.7]	16056	10190	5856	7355	36.5	16335	0	16335	0.0	172029	592455	3490	8271	638	2180	1540187	2466301	0
20190502	8742.74	1824.25	711517.84	3.1	[5.1, 1.5, 4.0, 2.5, 4.8, 1.3, 2.8, 1.7, 8.7, 2.0, 4.8, 0.3, 5.6, 5.8, 5.7, 2.1]	16056	10191	5855	7356	36.5	16335	0	16335	0.0	172029	592646	3490	8272	638	2180	1540301	2466414	0
20190502	8745.66	1825.3	711610.19	4.1	[5.7, 2.3, 5.2, 3.8, 6.2, 3.0, 5.5, 1.5, 5.1, 3.2, 5.1, 3.8, 5.0, 4.0, 6.3, 3.0]	16056	10185	5860	7365	36.6	16335	0	16335	0.0	172029	592768	3490	8278	638	2183	1540741	2468355	0
20190502	8748.91	1826.24	711702.07	3.4	[7.8, 4.5, 6.4, 3.0, 7.5, 4.1, 7.4, 2.8, 5.8, 1.3, 3.4, 1.5, 4.0, 1.8, 4.7, 2.6]	16056	10234	5813	7413	36.3	16335	0	16335	0.0	172029	593006	3490	8280	638	2183	1540828	2468442	0
20190502	8751.76	1827.16	711794.92	4.8	[6.8, 2.8, 6.8, 3.3, 6.9, 3.0, 6.4, 3.6, 2.8, 1.8, 6.2, 2.3, 5.9, 2.0, 5.6, 1.3]	16056	10238	5809	7418	36.2	16335	0	16335	0.0	172029	593084	3490	8280	638	2183	1541000	2468616	0
20190502	8756.07	1828.32	711885.45	6.8	[7.8, 4.5, 7.5, 4.5, 8.0, 5.5, 7.5, 5.6, 8.0, 4.1, 6.5, 4.3, 8.4, 2.7, 8.7, 3.5]	16056	10292	5754	7471	35.9	16335	0	16335	0.0	172029	593389	3490	8283	638	2183	1541439	2469048	0
20190502	8763.16	1830.09	711972.88	3.7	[8.8, 5.7, 9.4, 5.2, 8.4, 6.9, 7.6, 4.8, 9.8, 14.5, 9.3, 7.9, 12.0, 6.6, 11.3, 12.2]	16056	10120	5901	7292	37.0	16335	0	16335	0.0	172041	594460	3490	8305	638	2189	1543047	2473593	0
20190502	8766.94	1831.25	712064.71	6.2	[7.6, 4.8, 6.9, 4.6, 7.3, 6.2, 7.5, 3.5, 7.1, 2.8, 6.9, 2.5, 4.8, 3.5, 4.5, 8.2]	16056	10108	5910	7280	37.0	16335	0	16335	0.0	172041	594534	3490	8306	638	2189	1543281	2473823	0
20190502	8771.14	1832.4	712155.67	5.4	[7.6, 4.2, 9.9, 5.2, 9.0, 5.3, 9.7, 5.0, 3.5, 4.3, 4.2, 5.6, 4.3, 2.6, 4.0, 2.2]	16056	10108	5910	7279	37.0	16335	0	16335	0.0	172041	594622	3490	8307	639	2189	1543362	2473906	0
20190502	8776.16	1833.6	712245.76	3.9	[7.9, 4.2, 8.5, 5.3, 7.7, 4.0, 7.0, 4.2, 9.1, 4.1, 9.2, 3.7, 8.3, 4.1, 6.2, 7.1]	16056	10229	5818	7400	36.3	16335	0	16335	0.0	172041	595066	3490	8310	639	2189	1543741	2474210	0
20190502	8780.79	1835.12	712335.78	3.6	[6.9, 3.2, 8.0, 7.0, 8.3, 3.0, 7.2, 1.8, 10.1, 5.3, 11.7, 3.5, 9.7, 3.6, 9.7, 3.2]	16056	10232	5818	7402	36.3	16335	0	16335	0.0	172051	595857	3491	8317	639	2190	1544179	2474711	0
20190502	8783.42	1836.04	712428.87	3.3	[6.1, 1.0, 5.1, 4.3, 5.6, 3.1, 6.1, 1.0, 6.1, 2.5, 4.6, 1.3, 4.0, 1.8, 4.1, 1.2]	16056	10241	5808	7409	36.2	16335	0	16335	0.0	172051	596282	3491	8324	639	2192	1544562	2476274	0
20190502	8786.09	1836.88	712521.93	4.4	[6.4, 1.3, 6.1, 4.5, 5.4, 3.2, 5.1, 4.1, 4.0, 1.5, 5.7, 1.5, 5.0, 2.1, 3.0, 1.8]	16056	10249	5799	7417	36.2	16335	0	16335	0.0	172051	596329	3491	8325	639	2192	1544736	2476450	0
20190502	8788.66	1837.76	712614.85	3.1	[6.9, 3.7, 5.3, 2.0, 5.8, 3.3, 7.5, 2.3, 3.3, 1.2, 4.1, 0.2, 3.5, 2.8, 3.0, 0.5]	16056	10247	5802	7415	36.2	16335	0	16335	0.0	172051	596356	3491	8325	639	2192	1544853	2476550	0
20190502	8790.86	1838.55	712708.26	3.1	[5.0, 2.3, 5.3, 2.5, 5.8, 4.1, 5.8, 1.0, 3.5, 0.8, 4.8, 0.8, 4.2, 0.3, 4.0, 0.0]	16056	10246	5803	7414	36.2	16335	0	16335	0.0	172051	596567	3491	8326	639	2192	1545045	2476749	0
20190502	8793.84	1839.54	712801.03	3.9	[9.2, 3.5, 7.3, 3.4, 9.1, 4.8, 8.4, 6.3, 2.1, 2.5, 2.3, 1.2, 2.8, 1.5, 3.6, 0.3]	16056	10246	5803	7412	36.2	16335	0	16335	0.0	172051	596771	3491	8331	639	2194	1545563	2478725	0
20190502	8796.95	1840.43	712893.68	3.9	[7.9, 4.1, 8.2, 3.7, 7.6, 3.5, 7.9, 2.2, 3.8, 0.5, 4.1, 1.2, 4.8, 1.7, 5.3, 0.0]	16056	10241	5809	7406	36.2	16335	0	16335	0.0	172051	597001	3491	8338	639	2194	1545661	2478821	0
20190502	8799.34	1841.28	712986.89	4.7	[7.1, 1.8, 6.3, 3.2, 5.8, 2.3, 4.5, 2.6, 3.8, 0.2, 5.9, 1.0, 2.5, 3.7, 4.8, 0.8]	16056	10239	5810	7404	36.2	16335	0	16335	0.0	172051	597018	3491	8338	639	2195	1545843	2479003	0
20190502	8802.0	1842.16	713080.21	3.2	[6.8, 4.0, 6.1, 3.2, 6.0, 2.6, 7.7, 3.8, 3.1, 0.3, 2.5, 0.7, 2.1, 2.3, 3.1, 0.2]	16056	10241	5808	7406	36.2	16335	0	16335	0.0	172051	597029	3491	8338	639	2195	1545938	2479079	0
20190502	8804.6	1842.82	713173.75	3.9	[6.4, 2.7, 7.2, 1.8, 5.9, 2.5, 6.0, 1.8, 3.6, 1.5, 4.0, 0.7, 4.1, 1.3, 4.3, 2.3]	16056	10241	5808	7406	36.2	16335	0	16335	0.0	172051	597045	3491	8338	639	2195	1546108	2479253	0
20190502	8807.78	1843.96	713266.13	3.9	[6.5, 3.5, 7.1, 4.2, 7.1, 3.5, 7.0, 3.2, 5.7, 3.8, 4.6, 2.1, 5.6, 2.3, 3.8, 2.6]	16056	10237	5812	7400	36.2	16335	0	16335	0.0	172051	597286	3491	8344	639	2197	1546554	2481159	0
20190502	8810.16	1844.76	713359.57	3.1	[6.1, 4.2, 6.3, 3.0, 6.9, 2.5, 5.6, 2.8, 2.8, 0.0, 2.7, 0.7, 2.8, 0.0, 3.6, 0.0]	16056	10240	5809	7403	36.2	16335	0	16335	0.0	172051	597408	3491	8345	640	2197	1546635	2481239	0
20190502	8812.59	1845.54	713452.93	3.3	[7.3, 2.5, 6.9, 2.3, 7.3, 4.8, 5.8, 4.3, 3.0, 0.5, 2.9, 0.3, 1.7, 0.8, 3.5, 0.0]	16056	10239	5810	7402	36.2	16335	0	16335	0.0	172051	597426	3491	8345	640	2197	1546812	2481416	0
20190502	8815.08	1846.52	713546.3	3.4	[7.1, 1.3, 6.9, 3.8, 7.3, 4.6, 6.3, 4.6, 2.1, 0.5, 3.8, 0.3, 3.5, 2.5, 2.8, 0.0]	16056	10239	5810	7402	36.2	16335	0	16335	0.0	172051	597443	3491	8346	640	2197	1546899	2481503	0
20190502	8817.76	1847.35	713639.44	2.9	[6.6, 2.2, 5.8, 3.0, 6.5, 4.1, 8.5, 1.5, 4.3, 1.0, 2.8, 1.5, 3.5, 2.2, 3.5, 0.2]	16056	10251	5798	7428	36.2	16335	0	16335	0.0	172051	597716	3491	8352	640	2200	1547332	2483452	0
20190502	8820.22	1848.18	713732.7	7.5	[6.8, 5.6, 7.9, 4.5, 7.6, 3.0, 6.8, 2.5, 4.5, 0.8, 4.1, 2.6, 3.3, 1.3, 3.5, 2.0]	16056	10211	5837	7388	36.4	16335	0	16335	0.0	172051	597792	3491	8353	640	2200	1547510	2483629	0
20190502	8823.34	1849.07	713825.39	3.2	[5.9, 1.2, 6.0, 2.3, 6.6, 2.5, 5.6, 2.8, 5.4, 0.3, 6.4, 0.3, 4.1, 1.0, 4.6, 0.8]	16056	10210	5839	7386	36.4	16335	0	16335	0.0	172051	597860	3491	8353	640	2200	1547601	2483720	0
20190502	8825.67	1849.9	713918.7	3.0	[5.4, 3.2, 6.1, 3.2, 6.0, 3.2, 8.6, 4.9, 1.3, 1.0, 2.1, 0.2, 4.1, 0.2, 1.7, 0.0]	16056	10219	5830	7396	36.4	16335	0	16335	0.0	172051	597902	3491	8353	640	2200	1547777	2483895	0
20190502	8828.14	1850.66	714011.99	5.2	[6.6, 3.2, 6.0, 2.8, 5.7, 2.5, 6.7, 3.1, 4.8, 1.3, 5.3, 1.0, 4.0, 1.3, 5.1, 0.5]	16056	10244	5805	7419	36.2	16335	0	16335	0.0	172051	597917	3491	8353	640	2203	1548156	2485763	0
20190502	8831.05	1851.6	714104.75	3.6	[6.9, 1.3, 6.0, 3.0, 6.4, 1.3, 5.1, 0.7, 5.6, 1.2, 6.4, 3.5, 4.3, 1.2, 5.9, 1.3]	16056	10241	5808	7416	36.2	16335	0	16335	0.0	172051	598186	3491	8360	640	2203	1548328	2485936	0
20190502	8833.42	1852.37	714198.24	3.3	[5.3, 1.0, 6.0, 2.2, 5.0, 2.6, 4.7, 2.0, 4.5, 1.7, 4.6, 2.5, 4.6, 0.2, 4.0, 0.2]	16056	10244	5805	7418	36.2	16335	0	16335	0.0	172051	598303	3491	8361	640	2203	1548488	2486096	0
20190502	8835.65	1853.2	714291.92	3.1	[5.8, 2.0, 6.7, 2.5, 5.9, 2.3, 5.0, 1.8, 4.3, 0.8, 4.1, 0.2, 4.5, 0.2, 4.4, 0.5]	16056	10242	5807	7416	36.2	16335	0	16335	0.0	172051	598372	3491	8362	640	2203	1548552	2486160	0
20190502	8837.9	1853.9	714385.47	3.2	[5.0, 1.0, 7.4, 2.5, 6.3, 0.3, 3.3, 1.7, 4.1, 1.0, 4.3, 1.5, 4.3, 1.2, 4.1, 0.7]	16056	10243	5806	7417	36.2	16335	0	16335	0.0	172051	598402	3491	8362	640	2203	1548732	2486340	0
20190502	8840.44	1854.76	714478.57	3.5	[4.8, 1.7, 5.9, 5.1, 5.3, 1.5, 5.8, 1.7, 3.8, 1.7, 5.1, 1.7, 5.1, 2.2, 4.8, 1.2]	16056	10238	5812	7409	36.2	16335	0	16335	0.0	172051	598587	3491	8368	640	2206	1549173	2488280	0
20190502	8843.3	1855.7	714571.28	3.6	[5.6, 3.0, 3.8, 4.0, 5.6, 3.2, 6.0, 3.3, 6.3, 0.3, 5.8, 1.5, 4.0, 5.3, 5.6, 0.8]	16056	10238	5812	7409	36.2	16335	0	16335	0.0	172051	598620	3491	8368	640	2206	1549280	2488390	0
20190502	8845.78	1856.56	714664.39	2.6	[3.8, 2.2, 3.2, 3.3, 3.3, 2.2, 4.8, 1.0, 3.2, 3.0, 5.6, 2.3, 4.6, 1.8, 6.1, 2.8]	16056	10237	5812	7408	36.2	16335	0	16335	0.0	172051	598641	3491	8368	640	2206	1549441	2488551	0
20190502	8848.09	1857.39	714757.95	3.1	[3.5, 0.7, 2.8, 2.5, 5.0, 1.8, 4.1, 1.7, 4.8, 1.5, 6.7, 2.5, 3.7, 2.6, 4.9, 4.8]	16056	10243	5805	7415	36.2	16335	0	16335	0.0	172051	598694	3491	8369	640	2206	1549515	2488626	0
20190502	8850.43	1858.22	714851.39	3.1	[3.8, 0.7, 4.0, 4.0, 4.2, 1.2, 3.1, 1.3, 4.6, 3.4, 5.5, 1.8, 4.6, 2.1, 7.2, 1.0]	16056	10241	5808	7411	36.2	16335	0	16335	0.0	172051	598727	3491	8369	641	2208	1549989	2490617	0
20190502	8852.69	1858.88	714945.08	3.9	[5.1, 1.0, 6.3, 2.5, 6.3, 2.2, 3.5, 1.5, 5.2, 2.9, 3.8, 0.3, 4.0, 1.5, 5.3, 0.2]	16056	10239	5809	7409	36.2	16335	0	16335	0.0	172051	598907	3491	8375	641	2208	1550122	2490751	0
20190502	8855.02	1859.7	715038.6	3.3	[4.8, 2.0, 5.9, 2.5, 5.3, 4.6, 5.2, 3.3, 2.6, 0.0, 4.3, 3.9, 3.6, 0.2, 2.2, 0.0]	16056	10240	5808	7410	36.2	16335	0	16335	0.0	172051	598923	3491	8375	641	2208	1550244	2490877	0
20190502	8857.43	1860.6	715131.98	3.2	[5.3, 1.8, 6.2, 3.7, 7.9, 2.5, 6.0, 3.3, 3.2, 0.5, 1.5, 2.8, 3.3, 1.0, 3.3, 2.5]	16056	10238	5811	7407	36.2	16335	0	16335	0.0	172051	598931	3491	8375	641	2209	1550407	2491041	0
20190502	8859.57	1861.48	715225.54	3.2	[3.6, 2.3, 3.0, 4.2, 3.3, 1.3, 4.3, 0.7, 5.6, 0.7, 7.3, 4.7, 2.3, 2.0, 2.5, 2.5]	16056	10238	5812	7406	36.2	16335	0	16335	0.0	172051	599000	3491	8376	641	2209	1550477	2491111	0
20190502	8862.19	1862.38	715318.56	3.6	[5.4, 1.5, 3.8, 5.2, 4.7, 2.5, 6.9, 3.3, 5.5, 0.8, 5.0, 2.0, 4.5, 0.8, 4.7, 3.1]	16056	10236	5814	7402	36.2	16335	0	16335	0.0	172051	599188	3491	8382	641	2211	1550952	2493086	0
20190502	8864.68	1863.26	715411.82	3.9	[6.1, 2.3, 6.8, 4.8, 7.2, 2.0, 7.1, 1.8, 2.7, 0.5, 5.6, 0.2, 4.0, 1.2, 4.0, 0.7]	16056	10234	5815	7401	36.3	16335	0	16335	0.0	172051	599216	3491	8382	641	2211	1551092	2493227	0
20190502	8867.16	1864.11	715505.08	2.9	[5.1, 1.5, 4.8, 4.0, 5.8, 0.8, 5.1, 1.3, 1.5, 1.0, 4.6, 0.3, 7.1, 3.2, 5.5, 1.3]	16056	10234	5815	7400	36.3	16335	0	16335	0.0	172051	599255	3491	8382	641	2211	1551199	2493336	0
20190502	8869.42	1865.02	715598.3	3.1	[6.8, 1.2, 4.6, 4.4, 5.3, 2.0, 5.7, 3.2, 5.1, 0.8, 2.8, 2.3, 3.0, 1.8, 3.3, 0.8]	16056	10235	5814	7401	36.3	16335	0	16335	0.0	172051	599265	3491	8382	641	2211	1551366	2493501	0
20190502	8871.74	1865.97	715691.48	3.4	[5.9, 1.7, 5.5, 5.3, 6.4, 1.3, 5.6, 2.0, 4.3, 1.3, 5.1, 1.0, 4.0, 2.7, 2.5, 0.5]	16056	10232	5817	7396	36.3	16335	0	16335	0.0	172051	599425	3491	8388	641	2214	1551748	2495372	0
20190502	8874.04	1866.84	715784.73	3.1	[6.7, 2.2, 7.5, 4.7, 8.0, 2.1, 7.2, 2.8, 3.0, 0.0, 2.7, 0.7, 2.2, 0.0, 2.1, 0.3]	16056	10233	5816	7397	36.3	16335	0	16335	0.0	172051	599463	3491	8389	641	2214	1551928	2495551	0
20190502	8876.36	1867.83	715878.13	4.0	[6.4, 3.3, 4.3, 4.7, 4.3, 3.1, 6.3, 2.0, 4.6, 1.8, 5.0, 1.2, 4.5, 0.0, 5.8, 0.2]	16056	10234	5815	7398	36.3	16335	0	16335	0.0	172051	599477	3491	8389	641	2214	1552063	2495686	0
20190502	8878.66	1868.86	715971.44	3.2	[7.0, 1.3, 5.1, 5.3, 6.3, 2.5, 5.5, 1.8, 5.3, 0.3, 5.1, 0.0, 2.7, 0.7, 3.7, 0.3]	16056	10235	5814	7399	36.3	16335	0	16335	0.0	172051	599492	3491	8389	641	2214	1552182	2495816	0
20190502	8880.9	1869.84	716064.76	3.7	[5.0, 2.1, 5.5, 5.1, 5.3, 0.8, 4.9, 0.3, 5.1, 1.0, 5.6, 0.2, 6.6, 0.7, 4.6, 2.2]	16056	10233	5817	7394	36.3	16335	0	16335	0.0	172051	599500	3491	8389	641	2216	1552567	2497395	0
20190502	8883.67	1870.83	716157.77	3.1	[3.5, 1.2, 10.0, 3.7, 4.2, 1.5, 3.6, 0.7, 6.7, 1.2, 6.2, 2.0, 5.3, 2.3, 4.8, 4.1]	16056	10241	5808	7403	36.2	16335	0	16335	0.0	172051	599605	3491	8412	641	2216	1552652	2497480	0
20190502	8886.01	1871.78	716250.88	3.7	[6.1, 1.2, 4.7, 4.4, 6.3, 2.3, 4.8, 2.6, 4.5, 0.7, 5.3, 1.5, 5.3, 0.0, 5.1, 1.2]	16056	10239	5810	7401	36.2	16335	0	16335	0.0	172051	599791	3491	8413	642	2216	1552834	2497665	0
20190502	8888.48	1872.64	716344.13	3.9	[7.2, 1.3, 5.6, 4.0, 6.0, 2.1, 6.3, 2.5, 5.3, 0.3, 4.5, 1.3, 3.8, 1.0, 4.7, 0.5]	16056	10240	5809	7402	36.2	16335	0	16335	0.0	172051	599818	3491	8413	642	2216	1552978	2497809	0
20190502	8890.85	1873.56	716437.53	3.2	[5.3, 1.5, 6.3, 4.7, 5.0, 1.2, 5.9, 0.3, 5.6, 0.2, 5.3, 0.2, 7.1, 0.0, 3.8, 0.2]	16056	10240	5810	7401	36.2	16335	0	16335	0.0	172051	599943	3491	8417	642	2216	1553083	2497918	0
20190502	8893.13	1874.57	716530.91	3.3	[5.7, 1.2, 5.0, 4.3, 5.6, 1.5, 4.4, 3.0, 3.5, 1.0, 4.7, 1.3, 5.5, 0.0, 6.3, 2.5]	16056	10236	5813	7413	36.2	16335	0	16335	0.0	172051	600144	3491	8423	642	2219	1553526	2499840	0
20190502	8895.39	1875.49	716624.25	4.0	[4.4, 0.7, 3.7, 5.1, 5.5, 3.5, 4.3, 0.7, 4.6, 1.2, 4.3, 1.6, 4.5, 3.3, 4.0, 3.6]	16056	10238	5811	7414	36.2	16335	0	16335	0.0	172051	600210	3491	8424	642	2219	1553597	2499910	0
20190502	8897.87	1876.43	716717.55	3.5	[2.7, 1.5, 4.1, 4.0, 2.8, 0.7, 2.6, 0.5, 6.1, 2.0, 6.2, 4.0, 7.0, 1.2, 7.4, 2.3]	16056	10236	5813	7413	36.2	16335	0	16335	0.0	172051	600244	3491	8424	642	2219	1553770	2500082	0
20190502	8900.23	1877.41	716810.89	3.3	[5.8, 1.8, 4.3, 4.8, 5.3, 1.0, 5.3, 0.5, 4.6, 0.8, 5.0, 0.3, 7.1, 0.0, 4.5, 3.6]	16056	10235	5814	7412	36.3	16335	0	16335	0.0	172051	600262	3491	8424	642	2219	1553930	2500242	0
20190502	8902.44	1878.39	716904.19	3.3	[5.5, 1.2, 4.8, 4.7, 4.3, 0.8, 6.0, 1.5, 5.4, 1.8, 4.5, 0.7, 5.3, 1.3, 4.2, 1.7]	16056	10236	5813	7410	36.2	16335	0	16335	0.0	172051	600282	3491	8424	642	2222	1554315	2502098	0
20190502	8904.6	1879.29	716997.49	4.4	[3.7, 1.3, 4.3, 4.7, 3.2, 1.0, 5.0, 1.0, 5.9, 1.0, 6.0, 0.7, 6.6, 0.7, 5.1, 4.3]	16056	10235	5814	7410	36.3	16335	0	16335	0.0	172051	600438	3491	8430	642	2222	1554474	2502257	0
20190502	8907.13	1880.18	717090.58	3.1	[4.8, 0.5, 5.3, 3.5, 4.5, 1.5, 4.0, 0.7, 5.7, 1.8, 5.6, 1.0, 5.1, 1.2, 6.6, 1.2]	16056	10236	5814	7410	36.2	16335	0	16335	0.0	172051	600536	3491	8431	642	2222	1554543	2502327	0
20190502	8909.49	1881.01	717183.76	3.0	[4.0, 1.2, 4.1, 3.4, 4.3, 2.5, 5.5, 2.3, 4.2, 1.2, 4.8, 1.2, 3.8, 1.2, 6.0, 2.7]	16056	10235	5814	7409	36.3	16335	0	16335	0.0	172051	600548	3491	8431	642	2222	1554714	2502498	0
20190502	8911.84	1881.89	717276.97	3.3	[6.5, 2.2, 5.3, 3.7, 4.7, 1.8, 6.1, 1.5, 5.3, 0.0, 4.6, 3.3, 2.8, 1.3, 4.5, 0.8]	16056	10234	5816	7408	36.3	16335	0	16335	0.0	172051	600570	3491	8431	642	2222	1554887	2502670	0
20190502	8914.12	1882.77	717370.26	3.5	[5.2, 2.5, 4.3, 4.0, 6.4, 2.3, 4.0, 0.5, 4.0, 1.3, 4.8, 1.8, 5.3, 1.7, 4.8, 0.8]	16056	10231	5819	7402	36.3	16335	0	16335	0.0	172051	600769	3491	8437	642	2224	1555248	2504513	0
20190502	8916.5	1883.67	717463.57	3.7	[6.9, 0.7, 4.0, 4.5, 5.8, 3.1, 6.1, 0.5, 2.8, 2.0, 4.3, 2.6, 3.8, 1.8, 4.3, 1.8]	16056	10231	5819	7402	36.3	16335	0	16335	0.0	172051	600793	3491	8437	642	2225	1555417	2504679	0
20190502	8918.67	1884.56	717556.85	3.4	[5.5, 1.3, 2.8, 3.7, 3.6, 1.8, 5.6, 1.7, 4.3, 4.3, 4.9, 1.2, 4.0, 0.5, 4.2, 0.5]	16056	10233	5817	7404	36.3	16335	0	16335	0.0	172051	600850	3491	8438	642	2225	1555492	2504758	0
20190502	8921.12	1885.54	717650.06	3.5	[7.0, 4.0, 6.6, 5.5, 5.6, 3.6, 6.9, 5.1, 4.4, 0.5, 2.7, 0.0, 1.5, 0.7, 2.8, 0.3]	16056	10233	5816	7404	36.3	16335	0	16335	0.0	172051	600884	3491	8438	642	2225	1555662	2504927	0
20190502	8923.71	1886.55	717743.07	3.3	[6.9, 3.8, 7.3, 5.3, 6.3, 3.2, 8.1, 4.7, 2.0, 0.3, 2.6, 1.0, 3.3, 0.2, 3.5, 0.8]	16056	10231	5818	7400	36.3	16335	0	16335	0.0	172051	601032	3491	8443	643	2227	1556120	2506857	0
20190502	8925.93	1887.62	717836.32	3.2	[7.3, 2.3, 6.6, 4.4, 6.5, 2.6, 6.4, 1.7, 3.5, 0.8, 3.2, 0.8, 4.1, 0.3, 4.1, 0.0]	16056	10230	5819	7399	36.3	16335	0	16335	0.0	172051	601046	3491	8443	643	2227	1556192	2506933	0
20190502	8928.38	1888.65	717929.59	3.3	[7.9, 3.3, 5.1, 4.3, 6.8, 2.5, 5.8, 3.0, 4.6, 1.3, 3.5, 0.5, 4.4, 0.2, 3.2, 1.3]	16056	10231	5819	7400	36.3	16335	0	16335	0.0	172051	601069	3491	8444	643	2227	1556355	2507097	0
20190502	8930.59	1889.51	718023.03	3.3	[4.6, 1.7, 4.5, 4.3, 5.0, 2.3, 7.0, 3.1, 3.9, 0.0, 3.5, 1.2, 4.0, 0.3, 5.8, 0.3]	16056	10231	5818	7400	36.3	16335	0	16335	0.0	172051	601121	3491	8444	643	2227	1556422	2507163	0
20190502	8933.06	1890.42	718116.24	3.3	[5.9, 3.5, 5.7, 5.0, 5.9, 3.3, 6.3, 3.5, 2.2, 0.8, 4.2, 0.5, 3.8, 0.2, 4.1, 1.3]	16056	10233	5817	7402	36.3	16335	0	16335	0.0	172051	601308	3491	8445	643	2227	1556600	2507343	0
20190502	8935.56	1891.49	718209.26	3.1	[4.7, 3.5, 6.0, 4.3, 5.0, 2.0, 4.6, 1.8, 5.4, 2.6, 6.4, 0.7, 6.9, 0.5, 3.5, 0.7]	16056	10230	5819	7397	36.3	16335	0	16335	0.0	172051	601399	3491	8451	643	2230	1557074	2509284	0
20190502	8937.77	1892.31	718302.67	2.9	[4.3, 1.0, 4.1, 4.7, 5.3, 2.1, 5.8, 1.3, 3.5, 4.0, 2.8, 0.3, 5.3, 0.5, 4.9, 0.0]	16056	10230	5819	7397	36.3	16335	0	16335	0.0	172051	601439	3491	8451	643	2230	1557143	2509355	0
20190502	8940.56	1893.35	718395.59	4.0	[6.1, 1.8, 6.3, 5.8, 6.2, 3.5, 6.6, 1.8, 6.1, 2.0, 6.2, 1.7, 4.7, 0.7, 5.3, 1.8]	16056	10204	5846	7370	36.4	16335	0	16335	0.0	172051	601512	3491	8451	643	2230	1557326	2509537	0
20190502	8942.94	1894.36	718488.23	3.4	[5.3, 2.5, 6.4, 4.5, 6.4, 1.2, 6.0, 1.7, 5.6, 1.3, 3.5, 1.3, 4.3, 0.7, 4.3, 0.3]	16056	10206	5844	7372	36.4	16335	0	16335	0.0	172051	601559	3491	8452	643	2230	1557396	2509606	0
20190502	8945.27	1895.3	718581.32	3.8	[6.3, 2.8, 6.5, 4.0, 6.6, 2.5, 5.2, 3.3, 2.7, 1.8, 4.0, 0.7, 4.0, 0.8, 4.4, 0.8]	16056	10203	5847	7367	36.5	16335	0	16335	0.0	172051	601769	3491	8458	643	2233	1557854	2511537	0
20190502	8947.84	1896.16	718674.47	3.4	[4.3, 0.3, 3.8, 4.3, 4.2, 1.8, 5.3, 1.5, 7.0, 0.8, 6.0, 1.2, 5.3, 2.3, 7.0, 1.0]	16056	10240	5810	7404	36.2	16335	0	16335	0.0	172051	601816	3491	8458	643	2233	1558017	2511700	0
20190502	8950.18	1897.11	718767.73	3.3	[4.8, 2.5, 5.8, 5.5, 4.1, 1.8, 4.8, 1.8, 4.5, 1.3, 4.0, 2.8, 4.1, 0.3, 5.5, 0.3]	16056	10240	5810	7403	36.2	16335	0	16335	0.0	172051	601833	3491	8458	643	2233	1558090	2511780	0
20190502	8952.34	1898.04	718861.02	2.9	[4.8, 2.5, 4.3, 5.5, 5.1, 2.5, 4.0, 0.8, 3.3, 1.8, 3.2, 2.3, 5.0, 0.2, 4.8, 0.7]	16056	10239	5811	7402	36.2	16335	0	16335	0.0	172051	601928	3491	8459	643	2233	1558255	2511944	0
20190502	8954.66	1898.92	718954.45	4.4	[6.1, 1.2, 5.1, 4.0, 5.3, 4.1, 6.6, 1.5, 5.0, 1.5, 4.0, 0.7, 4.6, 0.5, 5.6, 0.8]	16056	10236	5814	7397	36.2	16335	0	16335	0.0	172051	602196	3491	8461	643	2235	1558654	2513802	0
20190502	8957.13	1899.83	719047.65	3.7	[8.5, 2.0, 5.2, 4.2, 5.9, 2.7, 8.1, 1.5, 2.2, 0.7, 3.1, 1.0, 3.3, 0.5, 2.2, 3.5]	16056	10234	5816	7395	36.3	16335	0	16335	0.0	172051	602315	3491	8466	643	2235	1558785	2513931	0
20190502	8959.48	1900.76	719140.86	3.1	[4.0, 0.7, 5.0, 4.0, 5.1, 1.7, 5.0, 1.8, 2.3, 0.8, 5.0, 1.2, 4.7, 2.5, 3.0, 5.8]	16056	10237	5813	7398	36.2	16335	0	16335	0.0	172051	602323	3491	8466	644	2236	1558961	2514107	0
20190502	8961.75	1901.64	719234.3	3.1	[3.0, 0.8, 4.4, 4.2, 5.0, 2.6, 4.0, 0.8, 2.5, 4.2, 4.1, 3.2, 2.6, 4.5, 5.4, 1.6]	16056	10235	5815	7396	36.3	16335	0	16335	0.0	172051	602331	3491	8466	644	2236	1559027	2514174	0
20190502	8964.06	1902.45	719327.78	3.6	[3.6, 1.3, 4.4, 3.9, 5.3, 2.5, 3.3, 0.7, 7.6, 1.2, 6.1, 0.3, 4.3, 1.7, 5.0, 2.5]	16056	10238	5812	7399	36.2	16335	0	16335	0.0	172051	602362	3491	8467	644	2236	1559199	2514343	0
20190502	8966.44	1903.36	719421.0	3.7	[4.1, 1.7, 3.7, 4.7, 4.1, 1.8, 5.8, 1.8, 5.3, 0.8, 4.3, 2.3, 5.3, 2.7, 4.5, 2.8]	16056	10236	5814	7395	36.2	16335	0	16335	0.0	172051	602545	3491	8473	644	2238	1559612	2516217	0
20190502	8968.94	1904.25	719514.2	3.4	[6.1, 2.8, 4.4, 4.5, 6.1, 1.5, 4.5, 0.7, 3.5, 1.7, 5.0, 5.6, 4.8, 0.7, 3.4, 0.7]	16056	10236	5814	7394	36.3	16335	0	16335	0.0	172051	602553	3491	8473	644	2238	1559738	2516343	0
20190502	8971.23	1905.22	719607.62	3.3	[4.3, 2.9, 4.9, 5.0, 5.8, 1.5, 4.3, 1.2, 5.8, 0.5, 3.5, 1.7, 5.1, 1.3, 4.3, 1.2]	16056	10235	5815	7393	36.3	16335	0	16335	0.0	172051	602560	3491	8473	644	2238	1559904	2516510	0
20190502	8973.64	1906.08	719700.95	3.4	[7.6, 1.2, 4.5, 5.5, 5.8, 4.0, 5.1, 2.3, 2.3, 0.3, 3.0, 0.3, 4.0, 2.1, 4.0, 2.6]	16056	10235	5815	7393	36.3	16335	0	16335	0.0	172051	602574	3491	8473	644	2238	1559995	2516605	0
20190502	8976.14	1907.04	719794.37	3.2	[4.1, 1.2, 5.6, 3.8, 4.3, 1.2, 3.0, 2.5, 6.6, 5.0, 5.6, 2.5, 4.5, 1.5, 4.1, 1.3]	16056	10233	5817	7407	36.3	16335	0	16335	0.0	172051	602798	3491	8479	644	2241	1560445	2518607	0
20190502	8978.32	1907.89	719887.98	3.7	[5.9, 1.3, 3.8, 3.8, 4.4, 2.5, 4.3, 0.5, 6.3, 4.4, 5.4, 0.3, 3.0, 0.3, 4.8, 1.2]	16056	10234	5816	7408	36.3	16335	0	16335	0.0	172051	602828	3491	8479	644	2241	1560564	2518729	0
20190502	8980.77	1908.78	719981.3	4.2	[6.0, 2.1, 6.4, 3.9, 6.3, 2.5, 6.4, 1.3, 4.1, 1.0, 2.8, 0.7, 5.1, 2.2, 4.6, 1.2]	16056	10232	5818	7406	36.3	16335	0	16335	0.0	172051	602843	3491	8479	644	2241	1560696	2518861	0
20190502	8983.26	1909.75	720074.51	3.4	[4.2, 2.1, 6.4, 4.5, 5.6, 2.1, 6.6, 3.0, 4.7, 0.3, 4.0, 0.2, 4.6, 0.7, 4.5, 1.6]	16056	10234	5816	7408	36.3	16335	0	16335	0.0	172051	602850	3491	8479	644	2241	1560871	2519036	0
20190502	8985.47	1910.61	720167.89	3.2	[4.6, 0.5, 4.5, 4.2, 6.1, 2.2, 6.2, 1.0, 4.8, 0.2, 2.0, 2.0, 5.3, 1.2, 4.5, 1.5]	16056	10233	5817	7407	36.3	16335	0	16335	0.0	172051	602890	3491	8480	644	2241	1560940	2519107	0
20190502	8987.84	1911.52	720261.25	3.4	[5.6, 3.1, 5.6, 5.8, 5.0, 1.3, 5.8, 2.2, 4.5, 1.8, 5.0, 0.5, 5.0, 0.0, 4.0, 0.0]	16056	10232	5818	7404	36.3	16335	0	16335	0.0	172051	603139	3491	8485	644	2243	1561332	2520690	0
20190502	8990.38	1912.49	720354.37	3.9	[7.7, 1.5, 6.4, 5.5, 5.8, 2.0, 7.1, 1.3, 3.8, 0.7, 4.3, 1.7, 5.5, 1.7, 4.1, 1.3]	16056	10231	5819	7403	36.3	16335	0	16335	0.0	172051	603167	3491	8485	644	2243	1561468	2520825	0
20190502	8992.74	1913.45	720447.66	3.6	[5.4, 1.5, 4.2, 4.2, 5.0, 0.3, 6.4, 1.7, 5.7, 0.0, 4.8, 0.5, 6.4, 1.0, 5.0, 2.0]	16056	10231	5819	7403	36.3	16335	0	16335	0.0	172051	603188	3491	8486	644	2243	1561596	2520954	0
20190502	8995.09	1914.4	720541.08	3.3	[6.4, 1.8, 6.3, 5.8, 5.2, 1.5, 4.8, 2.1, 4.6, 0.3, 3.8, 0.8, 4.5, 0.8, 5.1, 0.3]	16056	10233	5817	7405	36.3	16335	0	16335	0.0	172051	603212	3491	8486	644	2244	1561765	2521122	0
20190502	8997.49	1915.4	720634.34	3.3	[6.3, 2.0, 6.6, 3.9, 7.1, 2.8, 7.4, 1.2, 4.0, 1.0, 3.8, 0.0, 3.3, 0.2, 4.6, 2.5]	16056	10230	5820	7399	36.3	16335	0	16335	0.0	172051	603389	3491	8492	644	2246	1562121	2522955	0
20190502	8999.79	1916.38	720727.6	3.3	[4.5, 1.3, 5.1, 4.5, 4.0, 1.2, 4.5, 1.5, 4.8, 2.2, 5.9, 2.0, 5.0, 4.8, 3.3, 0.3]	16056	10235	5815	7404	36.3	16335	0	16335	0.0	172051	603475	3491	8492	645	2246	1562286	2523121	0
20190502	9002.05	1917.29	720820.99	3.0	[5.6, 2.3, 5.5, 4.2, 5.5, 1.0, 5.6, 1.7, 3.7, 1.2, 4.5, 1.2, 4.3, 2.1, 3.7, 0.0]	16056	10234	5816	7403	36.3	16335	0	16335	0.0	172051	603503	3491	8493	645	2246	1562441	2523276	0
20190502	9004.47	1918.04	720914.47	3.6	[5.8, 2.0, 5.5, 4.5, 7.2, 3.1, 5.5, 1.2, 3.5, 0.0, 4.8, 0.7, 4.9, 0.0, 5.4, 0.0]	16056	10236	5814	7405	36.2	16335	0	16335	0.0	172051	603512	3491	8493	645	2246	1562532	2523367	0
20190502	9006.96	1918.94	721007.79	4.0	[5.7, 3.1, 7.7, 5.4, 8.7, 4.0, 6.6, 3.2, 2.3, 0.7, 4.3, 0.0, 3.0, 0.2, 2.5, 0.3]	16056	10231	5819	7398	36.3	16335	0	16335	0.0	172051	603528	3491	8493	645	2249	1562986	2525285	0
20190502	9009.3	1920.0	721101.15	3.3	[5.3, 2.3, 6.2, 4.0, 6.2, 3.3, 7.9, 2.8, 3.8, 0.0, 3.9, 0.0, 4.6, 0.0, 4.1, 0.2]	16056	10231	5819	7398	36.3	16335	0	16335	0.0	172051	603745	3491	8499	645	2249	1563071	2525372	0
20190502	9011.64	1921.02	721194.54	3.1	[5.6, 4.4, 6.1, 4.5, 4.3, 2.6, 5.6, 1.7, 4.6, 0.2, 5.4, 0.2, 3.8, 0.0, 5.4, 0.7]	16056	10231	5819	7398	36.3	16335	0	16335	0.0	172051	603803	3491	8499	645	2249	1563245	2525544	0
20190502	9014.19	1921.94	721287.72	3.3	[5.9, 0.8, 6.6, 5.2, 6.3, 1.8, 4.8, 1.5, 4.6, 0.5, 5.0, 3.6, 5.1, 0.3, 5.3, 0.5]	16056	10230	5820	7397	36.3	16335	0	16335	0.0	172051	603909	3491	8500	645	2249	1563408	2525709	0
20190502	9016.53	1922.77	721381.06	3.4	[5.1, 2.5, 5.8, 4.7, 5.9, 1.5, 5.0, 1.3, 2.8, 0.8, 4.8, 0.5, 5.6, 2.3, 3.5, 0.8]	16056	10229	5821	7396	36.3	16335	0	16335	0.0	172051	603923	3491	8500	645	2249	1563500	2525799	0
20190502	9019.01	1923.7	721474.17	3.4	[6.1, 1.7, 5.3, 4.5, 6.8, 0.8, 5.0, 2.3, 5.3, 1.8, 4.1, 0.7, 5.8, 0.7, 4.3, 2.3]	16056	10237	5813	7402	36.2	16335	0	16335	0.0	172051	604036	3491	8506	645	2252	1563946	2527740	0
20190502	9021.38	1924.61	721567.48	3.4	[5.8, 1.8, 5.3, 4.7, 6.9, 1.7, 6.4, 1.5, 5.0, 0.0, 3.2, 0.0, 4.7, 1.0, 5.6, 0.2]	16056	10238	5812	7402	36.2	16335	0	16335	0.0	172051	604050	3491	8506	645	2252	1564016	2527815	0
20190502	9023.76	1925.5	721660.72	4.0	[7.4, 2.5, 6.8, 5.5, 5.5, 1.8, 6.6, 1.8, 3.7, 0.3, 3.8, 0.3, 5.1, 0.5, 4.1, 0.3]	16056	10238	5812	7402	36.2	16335	0	16335	0.0	172051	604159	3491	8506	645	2252	1564180	2527979	0
20190502	9026.15	1926.51	721753.92	3.7	[4.2, 1.5, 5.3, 5.0, 6.0, 3.0, 6.5, 2.7, 3.5, 0.2, 3.6, 0.2, 6.8, 1.5, 5.4, 0.2]	16056	10238	5812	7402	36.2	16335	0	16335	0.0	172051	604169	3491	8506	645	2252	1564356	2528155	0
20190502	9028.59	1927.48	721846.97	3.5	[5.8, 1.3, 5.6, 5.4, 6.6, 1.2, 7.1, 1.3, 4.5, 0.5, 5.5, 0.3, 4.6, 0.5, 5.1, 0.3]	16056	10235	5815	7397	36.3	16335	0	16335	0.0	172051	604350	3491	8510	645	2254	1564705	2530010	0
20190502	9031.2	1928.38	721940.02	3.1	[5.0, 2.8, 6.8, 4.7, 6.5, 1.7, 6.8, 0.8, 5.9, 0.3, 3.3, 3.0, 4.3, 0.7, 3.7, 1.5]	16056	10235	5815	7397	36.3	16335	0	16335	0.0	172051	604428	3491	8513	645	2254	1564884	2530187	0
20190502	9033.62	1929.25	722033.38	2.9	[4.6, 2.3, 3.3, 4.8, 6.3, 1.0, 4.6, 0.7, 6.1, 1.5, 5.8, 0.3, 4.9, 1.7, 5.0, 1.0]	16056	10238	5812	7400	36.2	16335	0	16335	0.0	172051	604485	3491	8513	645	2254	1564978	2530280	0
20190502	9036.08	1930.17	722126.53	3.2	[4.5, 3.8, 4.0, 4.9, 5.6, 0.2, 6.6, 1.0, 6.3, 1.7, 6.3, 0.3, 5.8, 0.8, 5.1, 0.8]	16056	10237	5813	7399	36.2	16335	0	16335	0.0	172051	604541	3491	8514	646	2255	1565143	2530447	0
20190502	9038.51	1931.15	722219.78	3.6	[4.9, 2.5, 5.1, 5.0, 5.6, 1.5, 5.0, 1.8, 4.0, 1.0, 5.3, 2.3, 5.0, 1.8, 3.7, 2.6]	16056	10236	5814	7397	36.2	16335	0	16335	0.0	172051	604657	3491	8514	646	2255	1565320	2530623	0
20190502	9041.28	1932.1	722312.83	3.1	[5.8, 5.3, 6.6, 5.6, 5.0, 2.6, 6.0, 3.1, 4.3, 0.8, 5.4, 0.7, 3.1, 0.7, 5.1, 0.5]	16056	10234	5816	7393	36.3	16335	0	16335	0.0	172051	604778	3491	8520	646	2257	1565677	2532465	0
20190502	9043.6	1932.92	722406.16	3.3	[4.6, 4.5, 4.6, 4.8, 4.7, 1.2, 5.4, 1.2, 4.5, 0.0, 4.6, 4.0, 3.7, 1.0, 4.3, 0.0]	16056	10233	5817	7392	36.3	16335	0	16335	0.0	172051	604794	3491	8520	646	2257	1565843	2532633	0
20190502	9045.84	1933.87	722499.55	3.5	[5.3, 0.8, 4.6, 3.9, 5.2, 1.5, 5.0, 0.7, 5.9, 1.2, 4.1, 1.0, 5.6, 2.6, 6.4, 0.2]	16056	10235	5815	7394	36.3	16335	0	16335	0.0	172051	604816	3491	8520	646	2257	1565934	2532728	0
20190502	9048.34	1934.74	722592.82	3.3	[3.3, 3.3, 5.5, 4.7, 3.8, 1.5, 3.2, 1.2, 5.6, 1.8, 5.6, 0.5, 6.3, 2.3, 4.6, 2.1]	16056	10232	5818	7392	36.3	16335	0	16335	0.0	172051	604896	3491	8520	646	2257	1566094	2532888	0
20190502	9050.76	1935.6	722686.1	3.0	[4.5, 1.5, 2.5, 4.3, 5.0, 1.5, 4.3, 1.3, 5.0, 0.7, 6.1, 0.8, 4.2, 1.8, 5.3, 5.5]	16056	10231	5819	7405	36.3	16335	0	16335	0.0	172051	605116	3491	8525	646	2259	1566490	2534480	0
20190502	9053.05	1936.59	722779.39	3.1	[4.8, 2.0, 5.5, 5.2, 5.9, 0.5, 4.7, 1.3, 4.5, 3.0, 4.3, 1.5, 3.2, 2.3, 4.8, 1.0]	16056	10230	5820	7403	36.3	16335	0	16335	0.0	172051	605132	3491	8526	646	2259	1566567	2534557	0
20190502	9055.46	1937.52	722872.7	3.2	[4.0, 1.0, 2.8, 4.0, 5.3, 1.5, 2.8, 1.2, 6.4, 4.0, 4.6, 2.0, 4.4, 4.6, 5.8, 2.3]	16056	10230	5820	7403	36.3	16335	0	16335	0.0	172051	605139	3491	8526	646	2260	1566741	2534730	0
20190502	9057.65	1938.41	722966.12	3.3	[4.2, 1.0, 6.3, 4.2, 5.7, 1.0, 3.6, 0.7, 6.1, 1.3, 4.6, -0.0, 5.5, 0.8, 5.6, 0.2]	16056	10232	5818	7406	36.3	16335	0	16335	0.0	172051	605197	3491	8526	646	2260	1566872	2534861	0
20190502	9060.49	1939.52	723058.64	5.1	[7.7, 4.3, 8.3, 6.6, 7.6, 3.7, 5.9, 8.0, 3.3, 2.3, 2.8, 1.2, 1.8, 2.8, 3.5, 1.3]	16056	10195	5855	7367	36.5	16335	0	16335	0.0	172051	605288	3491	8527	646	2262	1567298	2536764	0
20190502	9063.23	1940.42	723151.41	4.0	[7.1, 3.5, 7.6, 5.4, 9.1, 3.2, 5.5, 5.0, 2.0, 0.8, 2.6, 0.3, 2.6, 0.7, 1.8, 0.3]	16056	10200	5850	7371	36.5	16335	0	16335	0.0	172051	605502	3491	8533	646	2262	1567476	2536942	0
20190502	9065.79	1941.28	723244.66	3.1	[4.8, 2.8, 5.0, 3.9, 6.5, 0.7, 5.6, 1.3, 4.8, 0.7, 4.1, 0.8, 6.1, 0.3, 5.5, 1.2]	16056	10227	5823	7398	36.3	16335	0	16335	0.0	172051	605518	3491	8533	646	2262	1567555	2537022	0
20190502	9068.04	1942.3	723337.98	3.6	[7.4, 2.8, 6.2, 6.3, 8.6, 2.6, 6.8, 2.3, 1.3, 0.3, 3.1, 0.0, 2.8, 0.2, 3.8, 1.1]	16056	10232	5818	7403	36.3	16335	0	16335	0.0	172051	605538	3491	8534	646	2262	1567726	2537194	0
20190502	9070.43	1943.3	723431.21	3.9	[7.5, 3.2, 7.3, 6.8, 8.7, 3.7, 7.8, 3.8, 2.8, 0.0, 2.3, 0.2, 1.2, 0.0, 1.8, 0.5]	16056	10232	5818	7403	36.3	16335	0	16335	0.0	172051	605552	3491	8534	646	2262	1567850	2537321	0
20190502	9072.83	1944.24	723524.33	3.4	[7.3, 3.3, 6.7, 4.9, 6.5, 2.8, 7.8, 3.1, 3.3, 0.3, 3.0, 0.0, 2.8, 0.0, 2.6, 0.0]	16056	10230	5820	7399	36.3	16335	0	16335	0.0	172051	605934	3491	8541	646	2265	1568233	2539152	0
20190502	9075.2	1945.13	723617.71	3.3	[7.0, 1.8, 4.2, 4.2, 5.0, 2.0, 4.8, 0.7, 5.6, 0.3, 4.5, 3.6, 3.9, -0.0, 5.3, 1.5]	16056	10230	5820	7399	36.3	16335	0	16335	0.0	172051	605951	3491	8541	647	2265	1568410	2539329	0
20190502	9077.6	1946.1	723710.96	3.0	[6.5, 2.5, 6.5, 5.8, 5.9, 2.1, 7.1, 1.3, 3.8, 0.3, 4.0, 0.2, 3.3, 0.0, 3.8, 1.8]	16056	10230	5820	7399	36.3	16335	0	16335	0.0	172051	605965	3491	8541	647	2265	1568491	2539413	0
20190502	9079.92	1946.96	723804.17	3.6	[6.9, 1.2, 4.5, 5.4, 5.8, 1.8, 7.3, 3.6, 3.2, 1.3, 2.7, 0.3, 3.6, 1.5, 3.8, 1.5]	16056	10231	5819	7400	36.3	16335	0	16335	0.0	172051	605972	3491	8541	647	2265	1568668	2539594	0
20190502	9082.27	1948.0	723897.51	3.7	[4.0, 1.3, 5.3, 4.2, 4.8, 1.8, 5.3, 1.6, 6.2, 1.7, 4.5, 3.0, 5.4, 1.2, 6.5, 0.7]	16056	10226	5824	7392	36.3	16335	0	16335	0.0	172051	605980	3491	8541	647	2268	1569079	2541486	0
20190502	9084.75	1949.02	723990.58	3.2	[5.8, 3.3, 5.6, 5.3, 6.9, 2.0, 4.9, 0.8, 5.5, 0.3, 4.6, 0.7, 4.5, 0.8, 4.8, 0.5]	16056	10239	5811	7406	36.2	16335	0	16335	0.0	172051	606234	3491	8547	647	2268	1569193	2541601	0
20190502	9086.96	1949.99	724083.85	3.4	[5.5, 2.3, 6.6, 5.6, 5.3, 1.2, 4.5, 4.0, 3.5, 0.2, 3.7, 0.5, 5.3, 0.8, 3.6, 1.5]	16056	10241	5809	7407	36.2	16335	0	16335	0.0	172051	606262	3491	8548	647	2268	1569355	2541764	0
20190502	9089.28	1950.9	724177.15	3.3	[4.6, 1.5, 5.1, 4.5, 3.8, 2.5, 3.6, 1.0, 4.1, 2.8, 3.5, 3.5, 6.0, 2.8, 3.1, 1.0]	16056	10240	5810	7406	36.2	16335	0	16335	0.0	172051	606270	3491	8548	647	2268	1569425	2541834	0
20190502	9091.46	1951.85	724270.6	3.2	[3.8, 1.0, 5.5, 4.5, 4.5, 2.1, 5.0, 1.5, 4.5, 5.3, 5.2, 0.8, 2.5, 0.0, 4.5, 0.2]	16056	10239	5811	7406	36.2	16335	0	16335	0.0	172051	606288	3491	8548	647	2268	1569594	2542005	0
20190502	9093.68	1952.86	724363.87	4.1	[4.2, 0.8, 6.1, 4.8, 5.5, 1.5, 5.3, 1.8, 5.1, 1.7, 4.2, 0.8, 5.1, 2.6, 5.6, 1.2]	16056	10237	5813	7400	36.2	16335	0	16335	0.0	172051	606449	3491	8554	647	2270	1569998	2543886	0
20190502	9095.96	1953.86	724457.14	2.9	[3.8, 0.7, 4.8, 4.8, 3.6, 1.0, 4.3, 1.3, 4.5, 3.0, 4.5, 0.8, 5.8, 3.1, 4.7, 0.7]	16056	10236	5814	7400	36.2	16335	0	16335	0.0	172051	606545	3491	8554	647	2270	1570109	2543997	0
20190502	9098.3	1954.72	724550.49	3.4	[4.6, 1.0, 5.6, 4.4, 4.7, 2.3, 4.0, 1.7, 4.3, 2.3, 5.1, 1.5, 3.8, 1.7, 5.1, 3.1]	16056	10239	5811	7402	36.2	16335	0	16335	0.0	172051	606563	3491	8555	647	2271	1570274	2544163	0
20190502	9100.72	1955.68	724643.71	3.2	[4.8, 1.5, 5.0, 4.2, 4.0, 1.2, 5.5, 0.8, 6.1, 1.2, 6.1, 1.2, 4.1, 4.1, 4.7, 0.8]	16056	10237	5814	7400	36.2	16335	0	16335	0.0	172051	606574	3491	8555	647	2271	1570345	2544234	0
20190502	9103.08	1956.65	724737.32	2.7	[5.7, 2.0, 5.4, 4.3, 5.3, 2.0, 4.5, 1.2, 4.9, 1.0, 4.3, 1.3, 4.8, 1.0, 4.5, 2.0]	16056	10234	5816	7395	36.3	16335	0	16335	0.0	172051	606774	3491	8561	647	2273	1570814	2546177	0
20190502	9105.6	1957.48	724830.52	3.1	[3.6, 1.7, 3.3, 4.8, 4.1, 1.8, 4.1, 1.0, 6.1, 2.1, 6.9, 1.2, 5.8, 3.1, 5.8, 2.0]	16056	10234	5816	7395	36.3	16335	0	16335	0.0	172051	606783	3491	8561	647	2273	1570972	2546334	0
20190502	9107.76	1958.44	724923.96	3.5	[5.7, 2.2, 5.5, 4.3, 3.7, 2.1, 4.1, 1.3, 4.0, 1.5, 6.3, 1.5, 5.1, 1.3, 3.6, 0.0]	16056	10234	5816	7395	36.3	16335	0	16335	0.0	172051	606848	3491	8561	647	2273	1571066	2546426	0
20190502	9110.19	1959.32	725017.16	3.1	[5.3, 4.3, 6.1, 4.4, 5.3, 2.0, 5.3, 2.2, 4.0, 0.2, 2.0, 4.3, 3.8, 1.8, 3.0, 0.7]	16056	10234	5816	7395	36.3	16335	0	16335	0.0	172051	606884	3491	8562	648	2273	1571237	2546596	0
20190502	9112.48	1960.21	725110.52	4.2	[4.8, 0.7, 5.0, 5.0, 4.6, 1.7, 4.7, 1.2, 4.3, 2.0, 5.3, 1.0, 5.4, 4.6, 5.8, 0.0]	16056	10231	5818	7391	36.3	16335	0	16335	0.0	172051	606912	3491	8562	648	2276	1571604	2548450	0
20190502	9114.84	1961.14	725203.94	3.4	[6.7, 0.8, 4.9, 3.9, 4.8, 2.0, 4.0, 1.7, 4.3, 1.3, 3.0, 1.3, 5.1, 4.8, 4.0, 0.5]	16056	10230	5820	7389	36.3	16335	0	16335	0.0	172051	607075	3491	8568	648	2276	1571780	2548629	0
20190502	9117.38	1962.01	725297.12	3.4	[7.0, 1.5, 6.1, 5.0, 5.2, 2.5, 5.0, 2.3, 4.5, 1.3, 5.1, 2.0, 4.0, 0.2, 5.3, 0.0]	16056	10231	5819	7390	36.3	16335	0	16335	0.0	172051	607089	3491	8568	648	2276	1571927	2548777	0
20190502	9119.69	1962.99	725390.39	3.3	[5.0, 1.8, 4.5, 6.0, 5.3, 2.0, 4.3, 1.8, 4.1, 1.5, 6.1, 2.2, 3.5, 1.3, 5.0, 0.2]	16056	10230	5820	7389	36.3	16335	0	16335	0.0	172051	607189	3491	8569	648	2276	1572007	2548858	0
20190502	9122.07	1963.85	725483.72	3.1	[7.1, 2.7, 7.6, 5.0, 5.0, 2.2, 5.8, 2.2, 2.3, 0.0, 3.8, 0.3, 6.2, 0.2, 3.1, 0.0]	16056	10230	5820	7389	36.3	16335	0	16335	0.0	172051	607206	3491	8569	648	2276	1572169	2549020	0
20190502	9124.57	1964.77	725576.86	3.2	[6.4, 1.7, 5.3, 5.2, 6.7, 2.6, 5.8, 4.0, 3.1, 1.3, 3.0, 0.7, 3.8, 0.3, 4.8, 2.5]	16056	10229	5821	7402	36.3	16335	0	16335	0.0	172051	607378	3491	8574	648	2279	1572530	2550864	0
20190502	9127.26	1965.78	725669.82	3.4	[5.6, 1.5, 5.6, 4.7, 5.5, 2.3, 5.6, 5.3, 6.4, 3.1, 5.1, 1.3, 4.6, 1.0, 3.6, 0.7]	16056	10226	5824	7399	36.3	16335	0	16335	0.0	172051	607426	3491	8574	648	2279	1572703	2551038	0
20190502	9129.63	1966.7	725763.12	3.1	[5.1, 1.3, 4.9, 4.5, 4.0, 1.7, 4.0, 2.0, 5.0, 6.1, 5.6, 0.2, 5.1, 0.2, 4.1, 0.3]	16056	10227	5824	7400	36.3	16335	0	16335	0.0	172051	607565	3491	8575	648	2279	1572859	2551193	0
20190502	9132.03	1967.6	725856.56	3.3	[6.6, 2.7, 5.3, 5.2, 6.2, 3.1, 6.9, 2.0, 4.0, 0.3, 3.6, 0.0, 4.3, 0.0, 4.3, 0.3]	16056	10231	5820	7404	36.3	16335	0	16335	0.0	172051	607673	3491	8576	648	2279	1572939	2551273	0
20190502	9134.47	1968.65	725949.78	3.3	[5.4, 1.0, 4.0, 5.7, 4.9, 2.2, 4.5, 2.0, 5.6, 1.3, 5.4, 1.6, 4.3, 2.3, 5.3, 3.0]	16056	10228	5822	7399	36.3	16335	0	16335	0.0	172051	607774	3491	8577	648	2281	1573387	2553178	0
20190502	9136.77	1969.66	726043.08	3.5	[5.5, 1.8, 4.5, 4.7, 5.1, 1.2, 4.5, 1.3, 4.8, 1.5, 3.3, 0.8, 5.9, 4.5, 5.3, 0.7]	16056	10231	5819	7401	36.3	16335	0	16335	0.0	172051	607850	3491	8582	648	2281	1573464	2553255	0
20190502	9139.18	1970.59	726136.44	3.8	[7.1, 4.6, 6.5, 5.2, 6.0, 3.8, 8.4, 1.8, 2.7, 0.2, 3.3, 0.2, 3.0, 0.7, 3.0, 0.2]	16056	10229	5822	7399	36.3	16335	0	16335	0.0	172051	607881	3491	8582	648	2282	1573644	2553442	0
20190502	9141.65	1971.5	726229.62	3.0	[7.6, 3.3, 6.2, 5.2, 6.0, 3.1, 6.0, 1.5, 3.5, 0.2, 3.5, 0.2, 4.5, 0.0, 3.9, 0.0]	16056	10233	5817	7403	36.3	16335	0	16335	0.0	172051	607894	3491	8582	648	2282	1573798	2553597	0
20190502	9143.8	1972.41	726322.8	3.6	[4.3, 1.8, 6.4, 5.0, 5.3, 2.3, 4.7, 1.3, 4.5, 0.2, 4.3, 0.0, 4.3, 0.0, 3.5, 4.4]	16056	10232	5819	7402	36.3	16335	0	16335	0.0	172051	608152	3491	8584	648	2282	1573870	2553675	0
20190502	9146.22	1973.41	726416.17	3.0	[6.1, 1.5, 4.0, 5.3, 4.6, 3.8, 3.8, 1.5, 5.5, 2.1, 4.0, 0.5, 6.6, 0.7, 4.6, 0.5]	16056	10229	5821	7398	36.3	16335	0	16335	0.0	172051	608248	3491	8588	648	2284	1574266	2555252	0
20190502	9148.54	1974.34	726509.55	3.7	[6.1, 0.8, 4.3, 4.5, 5.6, 1.7, 4.0, 1.5, 5.8, 3.1, 5.3, 0.7, 5.8, 0.2, 5.9, 0.5]	16056	10231	5819	7400	36.3	16335	0	16335	0.0	172051	608260	3491	8588	649	2284	1574346	2555332	0
20190502	9150.96	1975.24	726602.75	3.3	[5.5, 1.2, 4.5, 4.3, 5.4, 1.2, 5.8, 0.8, 5.2, 1.0, 3.0, 3.0, 5.2, 3.5, 3.2, 1.2]	16056	10227	5823	7396	36.3	16335	0	16335	0.0	172051	608375	3491	8589	649	2284	1574531	2555517	0
20190502	9153.3	1976.18	726695.96	3.1	[5.3, 1.8, 4.0, 3.7, 5.0, 2.3, 5.0, 2.0, 4.3, 2.5, 3.5, 0.3, 7.2, 0.5, 5.4, 2.0]	16056	10225	5825	7394	36.3	16335	0	16335	0.0	172051	608532	3491	8591	649	2284	1574705	2555691	0
20190502	9155.64	1977.11	726789.28	3.4	[4.6, 1.5, 3.6, 4.7, 5.5, 1.8, 3.0, 1.7, 5.8, 2.8, 5.4, 0.2, 5.3, 1.2, 6.0, 1.7]	16056	10225	5825	7391	36.3	16335	0	16335	0.0	172051	608800	3491	8598	649	2287	1575080	2557593	0
20190502	9158.07	1978.09	726882.54	3.5	[6.3, 1.8, 5.5, 4.4, 6.1, 2.5, 5.0, 2.1, 4.3, 1.7, 4.6, 1.0, 3.6, 3.1, 4.8, 0.3]	16056	10223	5827	7389	36.3	16335	0	16335	0.0	172051	608829	3491	8598	649	2287	1575240	2557752	0
20190502	9160.78	1979.19	726975.56	4.5	[9.3, 2.2, 11.4, 5.5, 8.9, 4.8, 8.9, 3.3, 1.7, 0.2, 5.4, 0.0, 1.8, 0.0, 2.0, 0.2]	16056	10228	5822	7394	36.3	16335	0	16335	0.0	172051	608891	3491	8598	649	2287	1575371	2557883	0
20190502	9163.14	1980.13	727068.91	3.4	[6.4, 1.7, 5.1, 3.9, 4.4, 2.1, 3.8, 1.7, 6.5, 0.2, 3.7, 0.3, 3.8, 2.2, 5.1, 1.3]	16056	10230	5821	7395	36.3	16335	0	16335	0.0	172051	608938	3491	8598	649	2287	1575521	2558033	0
20190502	9165.69	1980.99	727162.21	3.6	[6.2, 0.5, 5.3, 5.3, 5.1, 1.2, 5.0, 1.0, 4.6, 0.7, 3.8, 6.6, 4.8, 1.2, 4.5, 1.2]	16056	10228	5822	7394	36.3	16335	0	16335	0.0	172051	609008	3491	8599	649	2287	1575680	2558192	0
20190502	9168.08	1982.11	727255.35	3.6	[4.3, 0.8, 5.1, 6.3, 4.7, 2.3, 6.1, 2.6, 3.5, 0.7, 4.5, 4.8, 6.3, 1.2, 4.6, 0.5]	16056	10226	5824	7389	36.3	16335	0	16335	0.0	172051	609162	3491	8605	649	2289	1576044	2560067	0
20190502	9170.43	1982.94	727348.75	3.2	[4.6, 0.7, 3.2, 4.8, 4.2, 3.0, 5.6, 0.8, 4.9, 0.0, 4.6, 1.3, 4.0, 1.0, 4.3, 5.3]	16056	10226	5824	7389	36.3	16335	0	16335	0.0	172051	609286	3491	8605	649	2289	1576207	2560230	0
20190502	9172.78	1983.75	727442.16	3.4	[3.8, 0.5, 2.3, 3.9, 3.0, 1.2, 4.6, 0.7, 5.8, 5.6, 5.0, 2.3, 5.3, 0.8, 4.8, 4.1]	16056	10233	5818	7396	36.3	16335	0	16335	0.0	172051	609361	3491	8606	649	2290	1576347	2560372	0
20190502	9175.2	1984.55	727535.48	3.4	[6.1, 3.1, 4.8, 4.2, 5.3, 0.3, 4.8, 1.5, 6.0, 0.8, 3.5, 1.3, 5.0, 0.8, 4.7, 1.2]	16056	10234	5816	7397	36.3	16335	0	16335	0.0	172051	609437	3491	8606	649	2290	1576455	2560480	0
20190502	9178.07	1985.59	727628.15	3.1	[5.1, 2.0, 7.1, 4.3, 5.8, 1.3, 4.8, 1.0, 6.2, 2.3, 6.9, 2.2, 5.8, 2.2, 7.0, 1.3]	16056	10193	5857	7354	36.5	16335	0	16335	0.0	172051	609551	3491	8610	649	2292	1576980	2562504	0
20190502	9180.71	1986.62	727720.72	3.2	[5.1, 2.2, 3.6, 4.3, 4.1, 0.3, 4.0, 0.8, 8.3, 2.1, 6.1, 4.3, 6.1, 2.8, 4.6, 3.0]	16056	10201	5849	7361	36.5	16335	0	16335	0.0	172051	609790	3491	8613	649	2292	1577072	2562602	0
20190502	9183.19	1987.52	727813.93	3.3	[5.4, 2.0, 5.6, 5.0, 6.1, 2.5, 7.5, 3.1, 2.7, 2.2, 3.0, 0.8, 4.4, 0.3, 3.8, 1.2]	16056	10202	5848	7363	36.5	16335	0	16335	0.0	172051	609935	3491	8614	649	2292	1577239	2562769	0
20190502	9185.53	1988.32	727907.24	3.7	[4.8, 1.7, 3.5, 3.7, 3.3, 0.8, 4.3, 1.0, 5.0, 2.0, 5.6, 3.0, 5.3, 2.7, 4.8, 2.0]	16056	10233	5817	7394	36.3	16335	0	16335	0.0	172051	610069	3491	8615	650	2292	1577368	2562899	0
20190502	9187.83	1989.25	728000.6	3.6	[5.6, 1.3, 6.7, 3.4, 4.8, 1.0, 5.6, 1.5, 3.5, 1.5, 2.3, 2.8, 4.1, 1.7, 3.3, 4.5]	16056	10233	5818	7391	36.3	16335	0	16335	0.0	172051	610174	3491	8616	650	2295	1577768	2564807	0
20190502	9190.16	1990.13	728093.89	3.1	[4.2, 1.0, 2.5, 4.0, 3.7, 1.3, 4.0, 0.7, 3.5, 2.8, 2.8, 4.5, 4.3, 3.0, 5.3, 4.1]	16056	10232	5819	7390	36.3	16335	0	16335	0.0	172051	610341	3491	8622	650	2295	1577929	2564968	0
20190502	9192.43	1991.03	728187.22	3.6	[6.9, 1.8, 5.8, 4.3, 5.1, 1.8, 4.3, 2.1, 3.0, 1.8, 3.8, 0.8, 4.8, 0.3, 5.3, 2.1]	16056	10231	5819	7389	36.3	16335	0	16335	0.0	172051	610421	3491	8622	650	2295	1578002	2565043	0
20190502	9194.82	1991.92	728280.59	3.1	[6.0, 2.6, 6.4, 4.3, 6.3, 4.3, 5.6, 0.8, 3.2, 0.3, 4.0, 0.3, 4.8, 0.2, 3.5, 1.5]	16056	10231	5819	7389	36.3	16335	0	16335	0.0	172051	610556	3491	8623	650	2295	1578168	2565209	0
20190502	9197.09	1992.87	728373.9	3.8	[6.4, 2.0, 6.9, 4.3, 5.6, 1.8, 6.1, 3.3, 4.0, 0.8, 4.0, 0.2, 2.8, 0.5, 5.5, 0.5]	16056	10231	5819	7389	36.3	16335	0	16335	0.0	172051	610589	3491	8624	650	2295	1578299	2565340	0
20190502	9199.69	1993.83	728467.0	3.4	[5.9, 1.5, 4.6, 4.4, 4.3, 3.3, 5.8, 1.5, 5.6, 1.7, 4.3, 1.8, 3.8, 3.9, 5.1, 0.5]	16056	10229	5821	7401	36.3	16335	0	16335	0.0	172051	610673	3491	8629	650	2298	1578683	2567230	0
20190502	9202.32	1994.73	728560.3	2.8	[4.6, 1.2, 3.3, 5.6, 3.8, 1.3, 4.0, 3.1, 5.0, 0.7, 5.4, 3.6, 4.8, 3.5, 5.0, 2.3]	16056	10228	5822	7400	36.3	16335	0	16335	0.0	172051	610723	3491	8629	650	2298	1578859	2567402	0
20190502	9204.64	1995.69	728653.59	2.9	[5.0, 1.8, 6.3, 4.5, 5.8, 2.1, 4.2, 1.7, 5.4, 0.8, 5.8, 1.3, 4.9, 0.2, 5.0, 0.3]	16056	10228	5822	7400	36.3	16335	0	16335	0.0	172051	610891	3491	8630	650	2298	1578934	2567480	0
20190502	9207.09	1996.68	728746.84	3.3	[6.6, 3.0, 4.8, 4.8, 5.1, 3.2, 7.4, 0.8, 5.6, 0.3, 6.1, 0.8, 4.6, 0.7, 3.6, 0.3]	16056	10228	5823	7399	36.3	16335	0	16335	0.0	172051	610925	3491	8630	650	2298	1579102	2567648	0
20190502	9209.48	1997.56	728840.09	3.4	[5.5, 1.0, 4.0, 4.3, 3.8, 2.3, 4.2, 1.7, 7.9, 1.3, 5.6, 1.2, 5.6, 1.5, 4.8, 0.7]	16056	10224	5826	7393	36.3	16335	0	16335	0.0	172051	610949	3491	8631	650	2301	1579506	2569555	0
20190502	9211.78	1998.38	728933.37	3.7	[7.6, 2.7, 7.5, 4.4, 7.1, 1.8, 7.9, 3.1, 2.5, 0.0, 3.8, 0.0, 1.7, 0.0, 2.3, 0.0]	16056	10225	5826	7394	36.3	16335	0	16335	0.0	172051	611073	3491	8636	650	2301	1579629	2569678	0
20190502	9214.18	1999.39	729026.67	3.3	[4.5, 2.1, 4.5, 4.4, 5.9, 2.6, 5.1, 2.3, 5.6, 0.5, 5.9, 0.3, 5.9, 0.8, 5.1, 0.3]	16056	10226	5825	7395	36.3	16335	0	16335	0.0	172051	611088	3491	8636	650	2301	1579793	2569842	0
20190502	9216.46	2000.26	729120.06	2.9	[4.8, 3.2, 4.0, 4.5, 4.8, 5.0, 5.5, 1.7, 4.3, 0.2, 5.1, 0.2, 4.3, 0.0, 4.2, 0.0]	16056	10226	5824	7395	36.3	16335	0	16335	0.0	172051	611275	3491	8637	650	2301	1579867	2569920	0
20190502	9218.71	2001.25	729213.55	3.3	[4.5, 2.9, 4.6, 5.0, 4.2, 0.7, 5.1, 0.7, 6.4, 0.3, 6.6, 0.5, 4.7, 0.5, 6.8, 1.5]	16056	10226	5825	7395	36.3	16335	0	16335	0.0	172051	611344	3491	8637	650	2301	1580039	2570092	0
20190502	9221.2	2002.22	729306.45	3.1	[6.0, 1.3, 5.2, 5.2, 5.0, 0.8, 3.8, 1.7, 4.0, 2.6, 7.4, 3.5, 4.3, 0.8, 4.1, 1.8]	16056	10221	5829	7388	36.3	16335	0	16335	0.0	172051	611439	3491	8642	651	2303	1580491	2572054	0
20190502	9223.45	2003.11	729399.8	3.3	[5.1, 1.8, 5.3, 4.5, 5.1, 1.3, 4.3, 0.8, 4.0, 1.2, 5.6, 4.5, 4.5, 0.7, 3.8, 0.8]	16056	10223	5828	7389	36.3	16335	0	16335	0.0	172051	611537	3491	8643	651	2303	1580570	2572134	0
20190502	9225.76	2004.04	729493.23	3.5	[5.1, 0.8, 5.6, 4.0, 4.5, 1.8, 5.7, 0.5, 3.0, 0.3, 7.1, 5.5, 5.1, 0.0, 4.8, 0.5]	16056	10224	5826	7391	36.3	16335	0	16335	0.0	172051	611545	3491	8643	651	2304	1580742	2572306	0
20190502	9228.01	2005.17	729586.68	3.5	[7.4, 1.3, 6.6, 5.0, 7.9, 1.0, 5.8, 2.5, 3.7, 0.8, 4.1, 1.0, 4.1, 0.5, 4.5, 0.2]	16056	10224	5826	7391	36.3	16335	0	16335	0.0	172051	611670	3491	8644	651	2304	1580810	2572375	0
20190502	9230.44	2006.13	729679.86	3.4	[5.2, 1.3, 5.1, 4.2, 4.0, 2.0, 6.3, 0.7, 4.3, 3.5, 3.8, 1.8, 6.0, 1.3, 5.1, 1.3]	16056	10224	5827	7388	36.3	16335	0	16335	0.0	172051	611792	3491	8645	651	2306	1581256	2574319	0
20190502	9232.95	2007.21	729773.17	3.4	[5.2, 2.8, 4.3, 5.4, 4.6, 2.1, 4.5, 1.2, 4.9, 2.8, 7.1, 1.0, 5.1, 0.7, 6.2, 1.3]	16056	10223	5828	7386	36.3	16335	0	16335	0.0	172051	611870	3491	8650	651	2306	1581427	2574490	0
20190502	9235.23	2008.06	729866.67	3.3	[5.8, 2.0, 3.7, 3.7, 4.0, 2.0, 7.1, 1.0, 5.6, 0.5, 5.1, 1.3, 4.8, 1.0, 4.2, 1.0]	16056	10223	5828	7387	36.3	16335	0	16335	0.0	172051	611884	3491	8650	651	2306	1581527	2574597	0
20190502	9237.48	2009.03	729959.91	3.6	[6.8, 1.3, 5.8, 3.9, 5.6, 2.3, 4.5, 2.8, 4.8, 0.7, 3.2, 1.7, 5.6, 0.7, 4.0, 1.3]	16056	10224	5827	7387	36.3	16335	0	16335	0.0	172051	611898	3491	8650	651	2306	1581691	2574763	0
20190502	9239.82	2009.95	730053.26	3.4	[6.1, 1.8, 7.3, 4.3, 5.6, 2.0, 5.9, 1.5, 3.0, 0.2, 4.3, 0.2, 3.0, 0.0, 4.6, 3.1]	16056	10224	5827	7388	36.3	16335	0	16335	0.0	172051	612071	3491	8651	651	2306	1581751	2574823	0
20190502	9242.38	2010.79	730146.44	3.0	[4.3, 1.5, 4.7, 4.0, 4.3, 3.0, 4.5, 3.8, 4.5, 0.5, 5.1, 0.7, 5.6, 3.7, 5.6, 0.5]	16056	10236	5814	7398	36.2	16335	0	16335	0.0	172051	612164	3491	8656	651	2308	1582144	2576407	0
20190502	9244.73	2011.76	730239.68	3.3	[6.2, 1.0, 6.3, 4.0, 7.1, 2.0, 6.3, 0.8, 5.4, 1.0, 4.0, 0.8, 4.8, 0.3, 5.4, 0.5]	16056	10236	5814	7398	36.2	16335	0	16335	0.0	172051	612177	3491	8656	651	2309	1582320	2576583	0
20190502	9246.94	2012.66	730332.95	3.0	[6.3, 1.8, 5.0, 4.4, 5.3, 2.2, 6.0, 2.0, 3.5, 0.7, 5.0, 1.2, 3.0, 0.3, 4.5, 0.5]	16056	10236	5815	7398	36.2	16335	0	16335	0.0	172051	612223	3491	8656	651	2309	1582387	2576650	0
20190502	9249.3	2013.5	730426.29	2.6	[4.0, 2.5, 4.8, 3.9, 5.0, 0.7, 5.4, 2.3, 2.2, 3.6, 4.8, 1.5, 3.3, 3.8, 2.8, 1.3]	16056	10236	5815	7397	36.2	16335	0	16335	0.0	172051	612241	3491	8657	651	2309	1582565	2576826	0
20190502	9251.58	2014.49	730519.67	3.1	[5.3, 2.1, 5.4, 4.7, 5.5, 1.3, 6.6, 2.5, 4.0, 1.0, 4.6, 0.2, 4.3, 2.5, 4.2, 1.5]	16056	10232	5818	7392	36.3	16335	0	16335	0.0	172051	612417	3491	8663	651	2311	1582930	2578680	0
20190502	9253.92	2015.31	730612.8	2.9	[5.0, 2.5, 6.7, 4.7, 4.8, 3.0, 6.0, 1.8, 3.7, 0.5, 3.0, 0.3, 4.7, 0.3, 5.5, 0.2]	16056	10230	5820	7390	36.3	16335	0	16335	0.0	172051	612425	3491	8663	651	2311	1583097	2578849	0
20190502	9256.22	2016.19	730705.98	3.3	[6.3, 1.2, 5.0, 4.5, 4.8, 2.2, 5.5, 2.9, 4.3, 0.5, 4.1, 0.3, 4.8, 0.8, 5.2, 1.7]	16056	10232	5818	7391	36.3	16335	0	16335	0.0	172051	612807	3491	8664	651	2311	1583272	2579024	0
20190502	9258.59	2017.12	730799.51	3.5	[5.4, 1.2, 4.5, 4.2, 5.3, 3.0, 5.1, 1.8, 5.6, 1.0, 6.7, 0.7, 4.7, 0.2, 5.4, 0.8]	16056	10232	5819	7391	36.3	16335	0	16335	0.0	172051	612823	3491	8664	651	2311	1583349	2579103	0
20190502	9261.06	2018.12	730892.68	3.6	[5.5, 2.3, 5.5, 5.1, 6.8, 1.7, 6.4, 2.6, 4.4, 0.7, 5.1, 0.3, 4.0, 1.2, 4.6, 1.8]	16056	10233	5818	7390	36.3	16335	0	16335	0.0	172051	612847	3491	8665	652	2314	1583793	2581063	0
20190502	9263.37	2019.06	730985.86	3.2	[7.6, 2.5, 5.8, 4.5, 5.3, 1.7, 4.7, 3.6, 3.2, 0.3, 4.5, 2.3, 3.8, 0.0, 3.5, 0.0]	16056	10233	5818	7389	36.3	16335	0	16335	0.0	172051	613042	3491	8671	652	2314	1583859	2581129	0
20190502	9265.64	2019.9	731079.23	2.9	[6.3, 1.0, 4.7, 3.7, 5.5, 0.7, 6.0, 1.8, 4.6, 0.3, 4.0, 0.3, 6.1, 0.3, 5.3, 0.3]	16056	10232	5818	7389	36.3	16335	0	16335	0.0	172051	613058	3491	8671	652	2314	1584028	2581300	0
20190502	9268.0	2020.76	731172.48	3.1	[7.2, 1.2, 4.5, 4.5, 4.0, 2.0, 5.6, 2.2, 5.4, 1.2, 4.8, 0.3, 4.8, 0.3, 6.1, 0.3]	16056	10232	5819	7389	36.3	16335	0	16335	0.0	172051	613078	3491	8671	652	2314	1584204	2581478	0
20190502	9270.3	2021.65	731265.69	3.4	[6.0, 0.8, 5.3, 4.9, 5.1, 2.0, 6.8, 3.0, 3.6, 0.7, 6.4, 0.5, 4.3, 0.2, 4.3, 0.0]	16056	10231	5819	7388	36.3	16335	0	16335	0.0	172051	613129	3491	8671	652	2314	1584291	2581570	0
20190502	9272.67	2022.54	731358.93	3.1	[5.6, 3.0, 5.3, 4.2, 5.5, 2.6, 4.5, 1.0, 4.4, 1.5, 4.3, 0.0, 4.3, 0.2, 5.5, 1.5]	16056	10229	5822	7400	36.3	16335	0	16335	0.0	172051	613169	3491	8671	652	2317	1584737	2583493	0
20190502	9275.12	2023.52	731452.05	4.1	[6.4, 1.5, 5.8, 4.4, 5.8, 1.7, 4.6, 1.2, 4.8, 4.8, 5.1, 0.8, 4.5, 0.3, 8.2, 0.5]	16056	10228	5823	7399	36.3	16335	0	16335	0.0	172051	613428	3491	8678	652	2317	1584870	2583626	0
20190502	9277.48	2024.48	731545.24	3.7	[4.3, 1.6, 3.8, 3.9, 6.3, 1.0, 5.1, 2.0, 5.8, 1.7, 4.1, 1.5, 4.8, 0.7, 5.0, 2.3]	16056	10227	5823	7399	36.3	16335	0	16335	0.0	172051	613436	3491	8678	652	2317	1584978	2583736	0
20190502	9279.78	2025.45	731638.48	3.1	[5.5, 0.8, 5.6, 4.2, 4.8, 2.0, 5.2, 1.2, 4.0, 0.7, 4.5, 1.8, 5.1, 2.1, 3.8, 1.8]	16056	10227	5824	7398	36.3	16335	0	16335	0.0	172051	613445	3491	8678	652	2317	1585158	2583915	0
20190502	9282.01	2026.25	731731.86	3.7	[4.1, 1.2, 3.6, 3.5, 5.2, 1.0, 3.0, 1.3, 6.6, 3.0, 5.8, 0.2, 5.3, 1.2, 4.8, 2.5]	16056	10224	5827	7393	36.3	16335	0	16335	0.0	172051	613464	3491	8678	652	2320	1585517	2585776	0
20190502	9284.68	2027.16	731824.89	3.4	[6.4, 1.0, 5.4, 4.2, 5.8, 2.0, 4.3, 1.7, 3.7, 1.2, 6.3, 1.7, 6.1, 1.7, 6.2, 1.0]	16056	10224	5827	7393	36.3	16335	0	16335	0.0	172051	613605	3491	8684	652	2320	1585673	2585933	0
20190502	9287.3	2028.2	731917.77	3.3	[4.0, 1.3, 5.9, 4.2, 5.5, 1.0, 4.0, 2.1, 3.7, 2.1, 6.9, 2.8, 5.0, 1.5, 7.5, 3.2]	16056	10241	5810	7410	36.2	16335	0	16335	0.0	172051	613695	3491	8684	652	2320	1585798	2586058	0
20190502	9289.55	2028.9	732011.02	3.1	[6.2, 1.5, 4.2, 4.2, 6.8, 0.7, 4.6, 0.7, 3.5, 0.5, 4.6, 0.5, 4.5, 0.0, 5.4, 1.0]	16056	10241	5810	7410	36.2	16335	0	16335	0.0	172051	613832	3491	8685	652	2320	1585903	2586163	0
20190502	9292.03	2029.92	732104.24	3.4	[7.7, 3.6, 7.8, 4.7, 7.2, 1.8, 6.0, 1.8, 3.7, 0.3, 4.3, 0.0, 3.2, 1.0, 4.8, 0.7]	16056	10241	5809	7410	36.2	16335	0	16335	0.0	172051	613880	3491	8686	652	2320	1586081	2586343	0
20190502	9294.32	2030.87	732197.37	3.2	[5.9, 0.8, 5.3, 4.7, 5.8, 1.5, 6.1, 1.5, 3.3, 2.3, 3.7, 0.3, 4.7, 2.0, 5.2, 0.5]	16056	10240	5811	7406	36.2	16335	0	16335	0.0	172051	614004	3491	8691	652	2322	1586439	2588180	0
20190502	9297.18	2031.8	732290.12	3.7	[7.1, 3.1, 8.1, 5.5, 8.2, 2.2, 6.7, 2.8, 4.5, 1.8, 3.3, 1.3, 5.3, 0.5, 3.3, 0.8]	16056	10224	5826	7391	36.3	16335	0	16335	0.0	172051	614122	3491	8692	653	2322	1586625	2588363	0
20190502	9299.5	2032.74	732383.44	3.6	[5.3, 3.0, 5.5, 3.7, 5.5, 2.5, 7.0, 1.0, 4.9, 0.7, 3.8, 3.3, 3.5, 0.5, 3.3, 0.7]	16056	10223	5828	7389	36.3	16335	0	16335	0.0	172051	614296	3491	8693	653	2323	1586767	2588506	0
20190502	9301.89	2033.69	732476.63	3.9	[4.5, 2.6, 5.3, 4.7, 5.3, 0.8, 5.3, 0.5, 6.8, 2.0, 4.1, 2.0, 6.4, 2.0, 2.8, 1.2]	16056	10231	5819	7397	36.3	16335	0	16335	0.0	172051	614466	3491	8694	653	2323	1586889	2588627	0
20190502	9304.46	2034.66	732569.72	3.2	[3.8, 1.3, 2.5, 3.5, 4.0, 3.0, 5.0, 2.0, 5.9, 2.8, 5.0, 1.8, 8.2, 1.8, 6.2, 0.3]	16056	10246	5804	7410	36.2	16335	0	16335	0.0	172051	614612	3491	8700	653	2325	1587345	2590564	0
20190502	9306.84	2035.45	732663.23	3.4	[6.3, 1.2, 4.3, 5.0, 3.8, 2.5, 3.7, 1.7, 5.6, 0.2, 6.7, 0.2, 4.3, 0.0, 5.3, 1.8]	16056	10245	5805	7409	36.2	16335	0	16335	0.0	172051	614626	3491	8700	653	2325	1587417	2590636	0
20190502	9309.15	2036.36	732756.53	3.3	[5.0, 0.7, 3.8, 4.2, 5.3, 1.3, 4.5, 0.5, 5.3, 1.7, 5.7, 2.5, 5.8, 2.1, 4.8, 1.0]	16056	10245	5806	7408	36.2	16335	0	16335	0.0	172051	614850	3491	8701	653	2325	1587578	2590801	0
20190502	9311.41	2037.4	732849.8	4.1	[6.1, 1.7, 6.1, 5.6, 5.3, 1.5, 6.0, 0.8, 3.5, 1.3, 5.5, 1.8, 3.8, 1.5, 4.8, 1.7]	16056	10246	5804	7410	36.2	16335	0	16335	0.0	172051	614964	3491	8702	653	2325	1587694	2590917	0
20190502	9313.72	2038.24	732943.04	3.4	[6.0, 2.0, 7.6, 4.2, 4.3, 2.0, 5.6, 3.5, 3.2, 0.0, 3.6, 0.3, 4.8, 0.0, 2.7, 1.2]	16056	10247	5804	7411	36.2	16335	0	16335	0.0	172051	614984	3491	8702	653	2325	1587823	2591047	0
20190502	9316.2	2039.2	733036.35	3.7	[6.6, 2.6, 5.3, 4.7, 6.0, 2.0, 6.5, 1.3, 5.6, 0.8, 5.7, 0.8, 3.8, 2.0, 3.3, 0.8]	16056	10243	5808	7404	36.2	16335	0	16335	0.0	172051	615078	3491	8708	653	2328	1588284	2592992	0
20190502	9318.63	2040.19	733129.47	3.6	[5.3, 1.5, 5.9, 5.2, 6.0, 3.0, 6.6, 2.5, 3.3, 0.3, 6.3, 0.3, 4.3, 1.8, 3.7, 0.5]	16056	10244	5807	7405	36.2	16335	0	16335	0.0	172051	615086	3491	8708	653	2328	1588348	2593056	0
20190502	9321.14	2041.09	733222.54	2.9	[9.4, 2.3, 6.2, 5.0, 7.5, 2.8, 6.9, 3.2, 1.2, 0.5, 3.8, 1.2, 1.3, 1.0, 2.6, 0.0]	16056	10247	5804	7408	36.2	16335	0	16335	0.0	172051	615260	3491	8709	653	2328	1588518	2593227	0
20190502	9323.52	2041.93	733315.8	3.0	[5.3, 4.8, 7.0, 5.6, 5.5, 1.7, 6.4, 2.0, 3.2, 0.0, 2.3, 3.4, 3.0, 0.7, 3.0, 0.2]	16056	10244	5806	7406	36.2	16335	0	16335	0.0	172051	615347	3491	8710	653	2328	1588677	2593385	0
20190502	9325.97	2042.88	733409.1	4.0	[5.8, 2.3, 6.8, 5.3, 6.0, 3.1, 6.9, 2.8, 4.0, 1.3, 4.1, 0.8, 3.3, 0.8, 4.5, 1.3]	16056	10243	5807	7402	36.2	16335	0	16335	0.0	172051	615425	3491	8710	653	2331	1589042	2595239	0
20190502	9328.43	2043.87	733502.24	2.9	[4.6, 1.2, 6.6, 4.5, 6.3, 2.0, 4.3, 2.3, 4.3, 1.0, 4.3, 2.0, 3.9, 1.2, 6.1, 0.2]	16056	10244	5807	7403	36.2	16335	0	16335	0.0	172051	615499	3491	8715	653	2331	1589213	2595410	0
20190502	9330.72	2044.86	733595.58	3.1	[7.9, 2.1, 7.0, 5.5, 8.3, 2.5, 7.6, 1.7, 3.0, 0.2, 2.7, 0.3, 3.0, 0.2, 2.8, 0.0]	16056	10244	5807	7402	36.2	16335	0	16335	0.0	172051	615513	3491	8716	653	2331	1589288	2595489	0
20190502	9333.1	2045.84	733688.83	3.4	[7.5, 1.3, 7.7, 5.2, 5.2, 2.5, 5.9, 2.1, 5.1, 0.2, 2.8, 0.3, 4.5, 1.0, 2.8, 2.6]	16056	10244	5806	7403	36.2	16335	0	16335	0.0	172051	615579	3491	8716	653	2331	1589455	2595659	0
20190502	9335.43	2046.74	733782.06	3.2	[4.2, 1.3, 4.4, 4.7, 4.8, 1.2, 5.1, 1.0, 5.0, 1.3, 4.3, 4.3, 3.0, 1.0, 7.1, 0.8]	16056	10241	5810	7398	36.2	16335	0	16335	0.0	172051	615610	3491	8716	654	2333	1589827	2597226	0
20190502	9337.86	2047.71	733875.29	2.9	[5.1, 1.3, 4.3, 4.2, 5.3, 2.3, 5.6, 3.1, 2.8, 3.3, 4.6, 2.0, 6.1, 0.8, 4.1, 1.3]	16056	10242	5809	7399	36.2	16335	0	16335	0.0	172051	615757	3491	8721	654	2333	1589909	2597308	0
20190502	9340.36	2048.54	733968.56	3.4	[5.5, 1.7, 6.1, 4.8, 7.4, 2.5, 7.4, 1.5, 4.0, 0.7, 2.8, 1.0, 4.4, 0.3, 4.0, 2.2]	16056	10240	5811	7397	36.2	16335	0	16335	0.0	172051	615782	3491	8721	654	2333	1590080	2597480	0
20190502	9342.86	2049.42	734061.82	3.1	[8.4, 3.1, 8.1, 4.6, 7.4, 2.6, 7.5, 3.3, 2.7, 0.5, 2.2, 0.0, 2.3, 0.0, 3.1, 0.0]	16056	10241	5810	7397	36.2	16335	0	16335	0.0	172051	615822	3491	8721	654	2333	1590145	2597546	0
20190502	9345.05	2050.38	734155.13	3.2	[4.7, 1.2, 4.6, 4.2, 4.5, 0.8, 5.4, 1.7, 6.6, 0.8, 6.0, 0.0, 5.0, 0.2, 4.4, 2.3]	16056	10238	5812	7395	36.2	16335	0	16335	0.0	172051	615891	3491	8722	654	2333	1590323	2597721	0
20190502	9347.44	2051.39	734248.44	3.6	[5.4, 1.8, 4.7, 4.7, 4.5, 1.8, 6.9, 2.1, 4.6, 2.0, 4.1, 1.0, 5.1, 2.0, 5.0, 1.7]	16056	10236	5815	7390	36.2	16335	0	16335	0.0	172051	616010	3491	8728	654	2336	1590758	2599617	0
20190502	9349.81	2052.32	734341.72	4.0	[4.6, 2.2, 7.2, 5.0, 5.4, 2.0, 7.1, 1.7, 4.0, 0.8, 4.0, 2.3, 3.3, 1.5, 3.7, 1.2]	16056	10236	5815	7390	36.2	16335	0	16335	0.0	172051	616018	3491	8728	654	2336	1590844	2599704	0
20190502	9352.28	2053.3	734434.93	3.1	[6.2, 0.8, 3.6, 4.3, 5.4, 1.3, 5.9, 1.3, 4.6, 1.2, 6.1, 2.3, 5.0, 1.2, 5.1, 1.0]	16056	10236	5815	7390	36.2	16335	0	16335	0.0	172051	616025	3491	8728	654	2336	1591014	2599874	0
20190502	9354.45	2054.22	734528.37	3.5	[6.4, 1.5, 6.4, 4.0, 4.1, 3.3, 5.6, 1.2, 4.3, 0.2, 6.0, 1.2, 4.5, 0.0, 3.3, 0.3]	16056	10235	5816	7389	36.3	16335	0	16335	0.0	172051	616036	3491	8728	654	2336	1591083	2599944	0
20190502	9357.04	2055.28	734621.5	3.6	[5.9, 2.5, 7.7, 5.3, 6.1, 3.2, 6.8, 1.8, 6.0, 0.5, 4.3, 0.5, 3.5, 1.2, 4.6, 0.7]	16056	10233	5818	7401	36.3	16335	0	16335	0.0	172051	616251	3491	8734	654	2338	1591511	2601876	0
20190502	9359.85	2056.22	734714.47	3.4	[6.3, 1.0, 4.6, 5.5, 5.0, 2.5, 6.1, 1.5, 4.5, 2.5, 4.1, 3.5, 5.8, 1.0, 7.1, 1.0]	16056	10235	5816	7403	36.3	16335	0	16335	0.0	172051	616292	3491	8734	654	2338	1591672	2602037	0
20190502	9362.14	2057.16	734807.84	3.4	[5.9, 3.0, 7.8, 5.1, 7.0, 2.5, 4.8, 3.5, 3.6, 0.0, 4.3, 0.2, 3.3, 0.0, 3.0, 0.2]	16056	10236	5814	7404	36.2	16335	0	16335	0.0	172051	616323	3491	8735	654	2339	1591757	2602122	0
20190502	9364.53	2058.12	734901.03	3.2	[6.3, 3.8, 7.1, 4.7, 8.6, 2.2, 6.3, 1.5, 3.8, 0.2, 1.5, 2.8, 2.6, 0.5, 2.8, 0.5]	16056	10234	5816	7402	36.3	16335	0	16335	0.0	172051	616330	3491	8735	654	2339	1591923	2602290	0
20190502	9366.87	2059.08	734994.31	4.2	[5.4, 2.6, 4.9, 4.7, 6.6, 1.5, 4.6, 2.0, 3.6, 2.8, 3.5, 0.8, 5.6, 2.8, 5.6, 0.2]	16056	10233	5817	7399	36.3	16335	0	16335	0.0	172051	616370	3491	8735	654	2341	1592269	2604065	0
20190502	9369.24	2060.1	735087.52	3.0	[5.4, 1.0, 3.3, 4.2, 4.2, 1.3, 4.0, 0.8, 5.4, 2.0, 6.3, 0.7, 4.8, 0.5, 6.3, 3.3]	16056	10233	5818	7399	36.3	16335	0	16335	0.0	172051	616561	3491	8741	654	2341	1592471	2604273	0
20190502	9371.63	2061.03	735180.88	3.1	[5.5, 0.8, 5.3, 4.8, 5.8, 1.8, 4.5, 1.2, 4.8, 0.2, 4.8, 1.5, 6.9, 0.3, 5.1, 2.4]	16056	10232	5819	7398	36.3	16335	0	16335	0.0	172051	616599	3491	8741	655	2341	1592641	2604443	0
20190502	9374.02	2061.94	735274.31	3.4	[7.0, 0.7, 4.3, 4.7, 4.5, 2.3, 3.3, 1.0, 4.1, 4.4, 4.0, 2.5, 3.8, 1.2, 6.8, 0.3]	16056	10232	5819	7397	36.3	16335	0	16335	0.0	172051	616639	3491	8741	655	2341	1592754	2604558	0
20190502	9376.35	2062.81	735367.69	3.6	[3.3, 1.0, 3.3, 5.1, 4.5, 1.3, 4.4, 1.3, 6.9, 0.3, 6.6, 0.7, 5.6, 1.0, 6.2, 1.8]	16056	10232	5819	7397	36.3	16335	0	16335	0.0	172051	616670	3491	8742	655	2341	1592920	2604725	0
20190502	9378.6	2063.83	735461.08	3.6	[4.6, 2.3, 3.0, 5.5, 4.8, 2.1, 4.5, 1.7, 3.8, 2.2, 4.5, 2.1, 5.0, 0.8, 5.0, 2.6]	16056	10230	5820	7393	36.3	16335	0	16335	0.0	172051	616726	3491	8743	655	2344	1593337	2606624	0
20190502	9381.3	2064.73	735554.15	3.5	[8.2, 3.8, 5.6, 6.8, 6.4, 3.0, 6.2, 3.6, 2.3, 0.7, 3.6, 0.5, 3.5, 1.2, 2.6, 1.2]	16056	10248	5802	7412	36.2	16335	0	16335	0.0	172051	617062	3491	8749	655	2344	1593444	2606734	0
20190502	9383.79	2065.68	735647.35	3.6	[6.2, 1.7, 5.5, 3.9, 4.9, 3.0, 6.6, 1.3, 5.3, 1.3, 5.3, 1.3, 4.8, 2.2, 4.5, 0.7]	16056	10246	5804	7410	36.2	16335	0	16335	0.0	172051	617078	3491	8750	655	2344	1593601	2606891	0
20190502	9386.06	2066.59	735740.77	3.3	[3.8, 0.5, 4.8, 3.9, 4.8, 1.2, 4.0, 1.0, 7.5, 0.5, 5.9, 1.2, 5.0, 0.2, 5.3, 1.8]	16056	10247	5804	7410	36.2	16335	0	16335	0.0	172051	617113	3491	8750	655	2344	1593683	2606974	0
20190502	9389.5	2067.81	735832.18	4.8	[7.5, 2.0, 7.2, 5.8, 7.2, 3.8, 6.0, 2.3, 8.1, 2.2, 7.8, 4.5, 8.2, 2.2, 7.6, 0.8]	16056	10222	5828	7383	36.3	16335	0	16335	0.0	172051	617126	3491	8750	655	2347	1594158	2608932	0
20190502	9392.68	2069.02	735924.1	5.7	[7.1, 2.0, 7.3, 5.8, 7.1, 2.8, 5.9, 2.3, 7.5, 2.5, 7.7, 0.8, 6.8, 0.7, 9.0, 0.8]	16056	10229	5822	7389	36.3	16335	0	16335	0.0	172053	617394	3491	8757	655	2347	1594289	2609059	0
